[63 6 27 74 1 66 2 68 12 17 37 62 13 40 96 97 37 66 22 69]
[40 80 5 50 83 45 15 66 50 79 96 93 14 22 52 24 41 4 44 98]
[0 0 0 0 0 0 0 0 0 0 0 0 0 0 100 0 0 0 1 1]
[32 94 14 41 63 59 26 1 49 74 71 41 1 68 63 41 97 5 89 78]
[73 95 60 27 83 58 47 77 88 82 41 46 39 74 0 49 74 48 4 70]
[0 0 0 0 1 0 0 0 0 0 0 0 0 1 1 0 0 0 0 0]
[26 8 68 10 35 69 86 34 18 22 60 84 68 18 15 90 70 98 13 49]
[78 50 71 27 97 50 48 40 5 89 93 82 33 94 80 58 2 97 14 5]
[0 0 0 100 0 0 0 0 0 0 0 0 0 100 0 0 0 0 100 0]
[49 22 1 12 24 29 76 36 99 97 87 75 98 16 55 9 43 96 13 28]
[97 45 29 13 17 90 75 36 52 90 39 40 10 52 96 75 80 28 22 28]
[0 0 0 0 0 0 100 0 0 0 0 0 0 0 1 0 0 1 0 0]
[15 34 87 94 51 69 20 39 61 16 77 33 71 25 24 27 61 3 39 50]
[94 36 45 98 26 47 48 70 60 13 17 25 42 1 0 11 14 99 70 83]
[0 0 0 0 0 0 0 100 0 0 0 0 0 0 1 1 0 0 0 0]
[0 82 19 21 10 60 64 40 6 88 0 42 26 23 3 54 82 65 77 85]
[10 44 97 96 78 68 27 44 24 52 39 52 100 10 72 2 90 49 39 74]
[0 0 0 0 1 0 0 0 0 0 0 1 0 0 0 0 0 100 0 0]
[79 71 41 65 14 40 3 12 91 53 55 92 38 41 3 37 82 75 36 96]
[6 84 39 93 11 9 85 62 61 78 36 62 49 25 99 32 68 53 57 49]
[0 0 0 0 0 0 0 0 0 0 100 0 0 0 1 1 0 0 0 0]
[24 20 28 87 90 26 39 37 62 3 95 59 83 30 74 26 87 4 58 51]
[23 96 78 73 58 94 0 36 9 11 82 13 59 59 25 89 97 61 82 60]
[0 0 0 1 0 0 1 0 0 0 0 0 1 0 0 0 0 0 0 0]
[97 100 78 1 40 11 50 64 22 4 32 86 47 82 8 9 96 21 60 34]
[100 50 29 26 98 72 75 96 99 19 87 60 71 53 51 77 81 50 29 3]
[0 0 0 0 0 0 100 0 0 100 0 0 0 0 0 0 0 100 0 0]
[85 76 60 86 9 80 88 5 22 67 45 69 79 57 24 39 97 82 99 81]
[83 71 78 72 5 30 82 82 35 49 94 9 33 4 36 72 63 35 1 4]
[0 0 0 0 0 0 0 0 0 0 0 1 100 1 0 0 0 0 0 0]
[90 59 6 21 36 93 16 6 79 5 36 22 20 29 14 36 50 76 24 77]
[79 71 3 46 17 45 13 71 62 2 31 30 22 93 83 71 27 26 70 61]
[0 0 0 0 0 0 0 0 100 0 0 1 0 0 0 0 1 0 0 0]
[29 81 29 75 97 30 24 86 67 20 11 95 89 18 49 63 88 100 97 54]
[54 37 25 50 60 22 81 4 58 87 95 33 61 28 14 39 89 65 96 9]
[0 0 0 0 0 0 0 100 0 0 100 100 0 0 0 0 0 0 0 0]
[48 66 0 53 58 48 83 52 60 44 17 4 16 96 0 33 25 14 80 55]
[67 18 98 62 2 33 27 37 53 20 30 67 62 43 19 97 68 47 50 29]
[100 0 0 0 0 0 0 100 0 0 0 0 0 0 0 0 0 0 0 100]
[54 60 13 8 31 31 26 67 4 75 51 36 35 67 62 35 80 42 73 93]
[9 71 23 80 94 57 35 30 77 7 74 61 59 5 29 92 8 71 45 50]
[0 0 0 0 0 1 0 0 0 0 0 0 100 0 1 0 0 0 0 0]
[41 75 59 68 34 15 25 39 43 89 35 88 60 34 33 76 27 84 51 12]
[10 58 54 73 59 75 87 65 68 20 97 66 79 69 25 24 10 8 16 46]
[0 0 0 0 0 0 0 0 0 0 0 1 1 1 0 0 0 0 0 0]
[71 86 30 16 42 26 92 35 26 31 3 34 55 51 73 67 7 72 6 32]
[17 95 89 64 60 9 24 33 65 38 9 98 46 95 44 54 58 35 92 79]
[0 0 0 0 1 0 0 100 0 0 0 0 0 0 0 0 1 0 0 0]
[71 46 0 98 64 90 66 49 93 92 32 28 26 51 12 33 26 74 16 29]
[34 89 31 19 64 30 78 78 59 30 11 5 90 94 87 87 13 60 72 93]
[0 0 0 0 0 0 0 0 0 0 0 1 0 0 0 0 1 0 1 0]
[18 75 38 33 32 76 17 91 83 47 20 78 82 63 88 55 10 5 16 44]
[36 50 24 62 11 98 54 96 93 3 21 23 62 79 60 26 93 43 86 48]
[0 0 0 0 0 0 0 0 1 0 1 0 1 0 0 0 0 0 0 0]
[7 100 50 79 32 43 66 74 89 78 13 56 25 5 17 81 60 82 11 97]
[77 79 71 41 56 47 12 4 61 23 58 25 99 0 47 48 24 77 37 16]
[0 0 0 0 0 100 0 0 0 0 0 100 0 1 0 0 0 0 0 0]
[0 94 83 48 73 91 46 0 39 21 73 97 100 5 93 86 2 6 2 2]
[56 43 8 40 14 100 0 7 38 6 21 26 39 50 2 81 38 6 53 44]
[0 0 0 0 0 0 100 0 0 0 0 0 0 1 0 100 0 0 0 0]
[39 79 16 32 86 1 61 26 97 76 47 17 46 100 91 20 37 31 28 76]
[78 34 77 52 22 41 79 82 15 70 53 88 79 46 45 93 48 10 63 6]
[0 0 0 0 0 0 0 0 0 0 0 0 100 0 100 100 0 0 0 0]
[6 53 33 56 14 39 39 67 17 94 50 81 75 48 46 26 48 60 35 54]
[95 5 11 13 15 29 72 23 98 73 17 90 47 68 19 55 91 35 31 93]
[0 0 100 0 0 0 0 0 100 0 0 100 0 0 0 0 0 0 0 0]
[72 87 14 8 16 33 82 88 45 100 33 85 53 37 22 23 15 62 54 84]
[69 89 39 48 21 43 100 81 25 16 26 74 93 0 98 81 11 51 43 31]
[0 0 0 0 0 0 0 1 0 0 0 0 0 0 0 1 0 0 100 0]
[48 60 48 73 96 65 30 49 24 95 51 98 7 29 8 11 24 24 80 39]
[16 87 22 80 50 33 45 7 80 26 1 62 0 43 85 86 18 70 69 54]
[0 0 0 0 0 0 0 0 100 0 0 0 0 100 0 0 100 0 0 0]
[42 94 85 18 31 65 7 58 35 85 94 64 60 7 59 52 63 46 47 79]
[42 15 95 63 91 35 28 17 46 83 57 45 58 26 57 52 86 70 60 6]
[0 100 0 1 0 0 0 0 0 0 0 100 0 0 0 0 0 0 0 0]
[77 56 82 74 78 3 23 30 7 46 71 50 99 20 60 15 67 40 66 54]
[14 75 53 54 96 96 28 85 65 48 77 11 74 1 88 4 85 29 20 77]
[0 1 0 0 0 100 0 0 0 1 0 0 0 0 0 0 0 0 0 0]
[5 86 24 89 96 86 33 79 42 93 4 11 41 27 57 77 91 37 11 0]
[7 5 60 64 47 28 86 28 48 12 82 65 39 93 36 11 43 11 68 29]
[0 0 0 0 0 100 100 0 100 0 0 0 0 0 0 0 0 0 0 0]
[49 15 35 73 35 36 11 32 90 49 63 5 51 95 83 97 95 71 61 77]
[13 99 69 68 4 64 50 79 57 53 92 91 88 50 26 94 61 68 99 94]
[1 0 0 1 100 0 0 0 0 0 0 0 0 0 0 0 0 0 0 0]
[46 10 26 23 86 40 67 38 68 88 96 68 71 80 6 78 38 11 89 71]
[98 91 74 22 89 83 67 17 80 100 96 6 89 32 28 2 54 74 49 8]
[0 0 0 0 0 0 1 100 0 0 0 0 0 0 0 0 0 0 1 0]
[61 30 46 22 50 31 42 12 43 44 89 71 84 76 6 26 88 6 19 31]
[19 80 44 40 23 22 80 93 61 13 97 8 83 49 60 78 1 43 20 56]
[0 1 0 0 0 0 0 0 0 0 0 1 0 1 0 0 0 0 0 0]
[63 35 33 39 45 2 99 95 61 70 86 75 69 75 61 94 92 47 64 24]
[45 70 27 44 12 32 9 18 13 21 78 21 47 69 25 78 62 50 78 70]
[0 0 0 0 0 0 0 0 0 100 0 100 0 0 0 0 0 100 0 0]
[41 37 25 73 85 20 44 0 42 11 97 20 89 4 84 87 60 40 95 100]
[9 90 18 95 76 95 47 38 87 15 92 97 41 92 87 76 60 68 28 45]
[0 0 0 0 0 0 0 0 1 100 100 0 0 0 0 0 0 0 0 0]
[78 32 3 76 15 75 13 42 94 58 31 18 62 25 41 42 93 36 7 100]
[87 49 61 15 50 43 7 90 15 69 62 15 11 62 14 81 33 41 16 9]
[0 100 0 0 0 0 0 0 0 0 0 0 0 1 0 0 0 100 0 0]
[72 71 18 74 13 23 64 45 83 65 64 27 88 45 91 40 57 73 73 25]
[9 80 61 47 93 94 69 77 77 4 6 62 97 31 19 75 37 34 87 58]
[1 0 0 0 0 0 0 1 0 0 0 1 0 0 0 0 0 0 0 0]
[43 60 21 62 33 45 9 98 100 14 34 64 55 11 3 76 99 14 47 84]
[28 56 84 87 46 92 88 100 89 71 6 99 87 86 63 50 33 48 87 49]
[0 0 100 0 0 0 0 1 0 0 0 0 1 0 0 0 0 0 0 0]
[85 16 100 50 91 27 23 100 80 42 55 39 11 44 97 16 2 46 50 3]
[25 77 8 35 99 69 75 93 21 72 76 90 35 63 16 21 27 46 90 2]
[0 1 1 0 0 0 0 0 0 1 0 0 0 0 0 0 0 0 0 0]
[17 52 84 7 71 35 53 1 10 5 88 83 17 31 53 79 54 37 38 29]
[80 24 26 73 67 32 21 72 97 38 68 95 44 39 75 16 72 29 78 66]
[1 0 0 0 0 0 0 0 0 0 1 0 0 1 0 0 0 0 0 0]
[42 6 15 61 39 18 67 51 50 42 28 28 92 57 19 78 0 67 6 2]
[75 53 96 64 10 19 7 59 95 74 17 41 1 83 21 90 18 70 68 29]
[0 0 0 0 100 0 0 0 0 0 0 0 0 0 0 0 100 0 0 100]
[16 52 13 43 82 71 99 99 0 37 72 0 12 66 85 24 1 59 77 47]
[54 52 79 64 4 21 69 66 62 85 65 31 36 64 50 25 62 70 48 28]
[100 0 0 0 0 0 0 0 100 100 0 0 0 0 0 0 0 0 0 0]
[28 83 63 1 67 75 69 54 58 92 4 26 65 9 58 79 46 81 59 97]
[49 45 74 21 2 20 51 88 75 72 0 12 53 22 78 3 5 37 47 16]
[0 0 0 1 0 0 0 0 0 0 0 0 0 100 0 0 0 1 0 0]
[67 66 46 64 97 42 84 6 21 87 100 40 58 82 13 10 52 50 9 73]
[71 59 38 18 61 24 67 71 63 73 25 72 84 43 54 6 60 58 59 14]
[0 0 0 1 0 0 0 0 0 0 0 0 0 0 0 1 0 0 100 0]
[7 34 28 73 45 88 47 48 13 15 39 23 40 48 34 84 86 86 44 37]
[6 35 52 89 12 77 12 66 18 33 88 93 1 48 70 78 89 60 98 26]
[0 0 0 0 0 1 0 0 0 0 1 0 0 100 0 0 0 0 0 0]
[84 45 75 75 32 17 74 75 17 58 80 9 68 13 11 7 62 14 83 6]
[77 35 97 1 16 37 98 53 67 92 67 92 8 80 32 75 59 25 50 71]
[0 1 0 1 0 0 0 0 0 0 0 0 0 0 100 0 0 0 0 0]
[25 54 90 81 49 44 82 74 58 86 26 2 62 48 91 75 34 75 47 20]
[39 32 28 22 11 16 98 73 75 44 15 56 77 38 52 90 6 36 27 34]
[0 0 100 0 0 0 0 0 100 0 0 0 0 100 0 0 0 0 0 0]
[0 85 39 94 41 62 56 28 84 50 98 76 48 71 64 72 68 93 31 31]
[39 81 73 81 32 47 16 69 23 17 45 19 81 99 76 54 61 90 29 84]
[0 0 0 0 0 0 0 0 0 100 0 0 0 0 0 0 0 100 0 100]
[72 74 71 40 39 28 22 87 61 100 43 20 59 8 58 40 34 27 74 70]
[5 21 10 66 39 82 52 44 10 15 89 51 9 65 20 74 55 85 18 11]
[0 0 0 0 0 0 0 1 100 0 0 100 0 0 0 0 0 0 0 0]
[65 0 1 60 47 87 19 73 93 94 67 10 56 62 53 14 49 11 93 96]
[88 41 4 89 28 12 76 4 15 19 77 79 52 84 72 6 79 62 1 11]
[0 0 0 0 0 0 0 0 0 100 0 0 0 0 100 0 0 0 0 100]
[22 30 0 61 9 26 31 28 73 7 53 4 24 10 10 0 55 98 82 66]
[43 79 43 80 89 7 73 35 22 19 25 79 46 70 97 100 70 53 12 35]
[0 100 0 0 100 0 0 0 0 0 0 0 0 100 0 0 0 0 0 0]
[24 72 49 93 88 60 98 15 3 94 0 66 29 1 47 47 13 28 13 3]
[82 21 13 87 34 27 65 9 25 86 11 73 60 96 59 54 7 81 5 5]
[1 0 0 0 0 0 0 0 0 0 0 100 0 0 0 0 0 0 0 100]
[15 43 21 68 55 27 88 7 56 75 17 19 69 91 94 88 95 17 47 7]
[96 20 72 83 84 9 83 56 10 90 83 52 0 71 68 61 68 99 56 38]
[0 0 0 0 0 0 0 0 0 100 100 0 0 100 0 0 0 0 0 0]
[96 12 7 39 85 54 99 81 35 34 2 10 23 35 100 21 88 49 85 0]
[69 30 16 46 19 6 89 44 75 95 82 87 44 72 51 58 1 62 2 49]
[0 0 0 0 0 0 100 0 0 1 0 0 100 0 0 0 0 0 0 0]
[95 17 13 38 6 58 65 72 63 40 76 46 12 90 7 85 6 91 94 18]
[17 13 10 96 55 30 64 77 97 18 42 63 52 39 95 92 34 34 33 86]
[0 100 0 0 0 100 0 100 0 0 0 0 0 0 0 0 0 0 0 0]
[81 74 53 96 83 96 92 0 9 95 86 93 9 60 39 67 43 7 90 37]
[66 80 63 32 22 55 62 36 67 54 97 34 65 2 53 74 6 15 78 10]
[0 100 0 100 0 0 0 0 0 0 0 0 100 0 0 0 0 0 0 0]
[4 58 36 61 85 29 60 98 20 39 1 17 36 58 98 53 67 90 19 38]
[72 61 99 55 18 57 36 44 15 20 9 48 38 9 78 95 1 89 38 57]
[0 0 0 0 100 0 100 0 0 0 0 0 0 0 0 0 0 0 0 100]
[9 71 17 13 95 92 58 70 84 76 67 9 89 90 49 13 33 70 12 79]
[92 28 12 63 50 74 88 34 54 61 89 4 24 24 25 74 74 98 11 97]
[100 0 0 0 0 0 0 0 100 0 0 0 0 0 0 0 0 0 0 100]
[19 62 57 66 3 78 71 69 26 16 91 27 38 55 4 58 58 25 82 67]
[71 34 23 10 51 85 96 23 47 31 56 90 71 75 5 17 57 44 57 66]
[100 0 0 0 0 0 0 0 0 0 100 0 0 0 0 0 0 0 100 0]
[34 89 56 8 14 57 3 49 26 18 18 34 78 71 97 65 75 58 47 94]
[83 76 77 72 58 29 1 59 25 61 60 11 27 99 72 26 90 87 78 71]
[0 100 0 0 0 0 1 0 0 0 0 0 100 0 0 0 0 0 0 0]
[42 42 20 21 4 84 56 61 30 32 65 22 30 28 25 16 35 77 24 18]
[24 10 62 34 32 28 75 17 80 0 100 24 69 34 71 63 60 86 14 40]
[0 0 0 0 0 0 100 0 0 0 0 0 100 0 0 0 0 0 0 100]
[50 79 93 54 20 96 13 37 52 96 78 77 28 15 43 94 54 7 54 77]
[3 22 38 73 70 40 30 98 34 72 63 47 32 34 11 26 25 44 45 67]
[0 0 1 0 0 0 0 0 100 0 0 0 0 0 0 1 0 0 0 0]
[80 94 49 85 18 23 97 26 49 8 25 23 71 51 0 10 81 90 47 50]
[59 84 67 43 46 25 30 84 72 51 100 72 36 23 33 25 90 24 98 15]
[0 100 0 0 0 0 0 1 0 0 0 0 0 0 0 0 100 0 0 0]
[67 62 60 24 73 21 13 30 32 4 64 14 40 82 28 16 93 97 29 24]
[4 60 56 21 9 42 13 8 94 79 60 69 14 79 66 85 35 35 26 49]
[0 0 0 0 0 0 0 0 0 1 0 1 0 0 0 0 0 0 1 0]
[82 88 14 62 31 26 88 35 8 54 69 33 20 15 52 39 25 98 46 68]
[58 94 19 95 93 30 26 7 51 8 77 44 85 49 74 40 47 52 4 33]
[0 0 100 0 0 0 0 1 0 0 0 0 0 0 0 0 0 0 0 100]
[52 33 60 27 12 17 94 84 34 1 79 63 32 93 96 10 61 86 36 1]
[47 76 99 54 39 8 13 87 4 74 100 4 4 6 36 31 15 46 85 85]
[0 0 0 0 100 0 0 0 100 0 0 0 0 0 0 0 0 100 0 0]
[29 93 1 51 82 94 41 3 1 60 36 84 95 74 94 84 83 50 18 0]
[44 87 59 1 34 25 18 38 43 48 43 45 66 54 10 9 4 81 47 34]
[1 0 0 0 1 0 0 0 0 0 0 0 0 1 0 0 0 0 0 0]
[0 95 24 79 95 47 52 12 58 48 56 14 13 28 92 3 45 90 34 1]
[1 77 96 43 46 82 97 69 53 92 72 69 81 11 83 95 37 50 53 100]
[0 0 100 0 0 0 1 0 0 0 0 0 0 0 0 0 0 0 1 0]
[88 39 14 50 23 26 95 15 41 48 0 31 16 22 63 21 77 97 2 12]
[51 53 43 4 24 49 70 100 40 86 0 52 25 9 56 31 46 58 53 3]
[0 0 0 0 0 0 0 0 0 1 100 0 0 0 0 0 1 0 0 0]
[11 17 7 23 4 40 52 2 92 73 75 92 79 41 92 15 96 21 12 12]
[48 75 67 5 34 47 84 75 98 59 23 39 48 59 57 93 12 24 84 96]
[0 0 0 0 0 1 0 0 0 0 0 0 1 100 0 0 0 0 0 0]
[4 18 80 33 63 9 86 23 93 96 85 58 74 87 40 79 48 68 84 98]
[2 97 50 83 22 54 22 67 43 33 59 22 19 85 37 55 14 83 13 16]
[0 0 0 1 0 0 0 0 0 0 0 100 0 0 0 0 0 0 0 1]
[24 3 91 87 67 3 24 94 16 71 21 42 7 39 22 34 91 99 27 21]
[24 57 41 61 19 10 40 92 34 84 41 24 7 3 48 90 41 22 45 81]
[0 0 0 0 0 100 100 0 0 0 0 0 0 0 100 0 0 0 0 0]
[31 30 1 68 42 23 66 36 10 88 14 50 91 17 67 31 86 1 27 7]
[86 7 90 98 72 78 3 95 9 62 21 11 36 76 41 87 20 60 55 19]
[100 100 0 0 0 0 0 0 0 0 0 0 0 0 0 1 0 0 0 0]
[42 96 6 5 83 2 2 93 40 14 39 66 50 49 78 3 6 85 33 84]
[76 43 46 31 83 56 32 50 90 30 85 97 0 5 40 37 27 42 78 25]
[0 0 0 0 0 0 0 1 100 0 0 100 0 0 0 0 0 0 0 0]
[77 49 39 34 93 60 67 65 37 57 34 65 21 2 39 35 60 4 69 78]
[97 53 100 49 16 43 13 34 92 61 0 43 90 76 66 64 97 96 26 63]
[1 0 0 0 1 0 1 0 0 0 0 0 0 0 0 0 0 0 0 0]
[79 93 75 87 59 59 11 20 6 3 72 6 0 9 66 39 93 98 71 19]
[95 80 84 36 79 29 56 55 56 66 73 59 50 22 7 92 17 65 19 64]
[0 0 1 0 0 0 0 0 0 100 0 0 1 0 0 0 0 0 0 0]
[78 60 6 85 63 99 5 49 37 78 87 56 87 62 69 76 76 78 4 47]
[19 98 90 89 20 80 83 18 28 94 51 72 83 92 21 25 86 59 46 55]
[0 0 0 0 0 0 0 0 100 0 0 0 1 0 0 0 0 0 1 0]
[25 100 73 2 44 34 36 69 46 84 76 76 85 34 51 82 100 44 64 76]
[96 48 33 79 38 69 49 57 25 68 16 75 98 13 10 51 13 55 44 93]
[0 0 0 0 100 0 0 0 0 0 0 0 100 0 0 0 100 0 0 0]
[4 72 19 77 86 68 32 24 32 31 59 52 40 88 98 37 47 33 13 15]
[100 31 69 70 40 59 74 37 86 23 56 42 91 86 30 61 36 21 79 81]
[0 0 0 0 0 0 0 1 0 1 0 1 0 0 0 0 0 0 0 0]
[56 97 75 38 38 14 45 57 80 40 80 47 16 63 66 42 88 58 21 4]
[52 27 90 94 70 95 84 18 48 53 70 94 88 12 42 60 77 100 24 21]
[0 0 0 0 0 0 1 1 0 0 0 0 0 0 0 1 0 0 0 0]
[52 57 98 7 69 5 22 20 38 44 51 82 92 60 6 96 31 50 73 53]
[2 47 60 38 78 14 81 62 85 65 48 23 5 49 51 69 45 85 52 59]
[0 0 0 0 0 0 0 1 0 0 0 0 0 0 0 0 0 100 0 1]
[52 62 73 45 59 60 68 15 96 81 78 4 15 85 62 26 24 100 77 33]
[92 69 35 32 86 43 46 19 17 51 81 50 64 91 7 51 54 54 93 100]
[0 0 0 0 0 0 0 0 0 0 0 100 0 100 0 0 0 0 0 1]
[66 99 55 0 7 6 69 68 17 62 80 68 22 52 4 74 70 18 94 3]
[19 53 67 36 25 39 21 7 78 71 99 63 66 76 88 61 99 59 49 49]
[0 100 0 0 0 0 0 0 0 100 0 0 0 100 0 0 0 0 0 0]
[6 35 44 30 43 20 11 98 38 37 37 95 22 6 36 90 56 18 99 71]
[56 81 56 100 91 95 3 89 58 69 54 68 35 51 16 92 1 12 58 11]
[0 0 0 0 0 0 0 0 100 0 0 1 0 1 0 0 0 0 0 0]
[32 93 50 43 51 57 15 44 10 90 19 93 16 80 76 26 78 58 29 73]
[22 93 31 56 26 91 91 96 45 36 71 7 76 64 35 17 7 42 53 53]
[0 1 0 0 0 0 0 0 0 0 0 0 1 0 0 0 0 100 0 0]
[43 5 47 25 4 1 66 34 13 19 33 13 88 41 93 90 74 61 51 28]
[42 74 6 10 21 74 33 71 59 41 82 54 22 88 44 86 84 48 52 12]
[0 0 0 0 0 100 0 0 0 1 0 0 0 0 1 0 0 0 0 0]
[87 22 88 9 91 40 71 71 93 53 99 37 42 0 8 28 24 37 38 23]
[18 58 63 6 26 81 75 84 4 12 85 100 43 95 20 38 50 18 17 23]
[0 0 1 0 0 0 0 0 0 0 0 1 0 1 0 0 0 0 0 0]
[27 61 89 56 18 3 2 62 35 45 75 52 27 4 82 3 39 24 19 17]
[72 77 66 41 18 66 75 77 27 81 9 59 50 93 87 89 72 22 57 39]
[0 0 1 0 0 0 0 0 0 0 0 0 0 0 1 100 0 0 0 0]
[80 45 69 38 94 48 56 73 68 70 69 97 64 20 43 47 48 67 90 20]
[83 75 5 100 19 18 83 76 83 89 91 37 100 79 97 73 70 53 56 31]
[0 0 0 0 1 0 0 0 0 0 0 0 0 100 0 0 100 0 0 0]
[15 51 67 5 83 48 87 52 23 74 37 21 39 28 48 64 25 33 82 19]
[95 9 52 73 10 72 0 94 92 52 36 68 10 99 3 41 11 75 98 24]
[0 1 0 0 0 0 0 0 1 0 0 0 0 0 0 0 0 1 0 0]
[45 5 70 12 97 73 68 71 67 13 49 94 23 96 18 96 100 85 40 23]
[39 5 6 22 66 9 73 96 47 11 63 8 78 80 94 31 44 84 97 21]
[0 0 1 0 0 1 100 0 0 0 0 0 0 0 0 0 0 0 0 0]
[79 57 24 94 83 1 23 19 42 2 83 58 44 83 89 38 13 3 84 42]
[63 2 40 54 34 63 8 100 8 87 12 73 45 8 82 5 58 63 70 23]
[0 0 1 0 0 0 0 0 100 0 0 100 0 0 0 0 0 0 0 0]
[36 31 77 45 37 49 23 55 35 38 60 2 36 18 7 78 86 47 25 63]
[59 67 36 57 47 68 97 29 45 49 29 31 81 51 63 44 13 71 93 64]
[0 0 0 0 0 0 1 0 100 0 1 0 0 0 0 0 0 0 0 0]
[48 86 3 1 38 92 44 47 83 55 30 23 97 35 69 96 68 32 54 18]
[35 17 14 49 3 79 0 13 64 37 83 94 52 78 77 32 26 25 35 70]
[0 100 0 0 0 0 0 0 0 100 0 0 0 0 0 0 0 100 0 0]
[20 69 92 71 17 64 19 80 89 78 45 20 32 45 64 24 7 45 56 64]
[50 48 70 5 23 75 100 18 40 93 79 91 58 9 78 28 84 97 16 8]
[0 100 0 0 0 0 0 0 0 0 1 0 0 0 0 0 100 0 0 0]
[14 92 97 58 57 31 24 68 0 97 19 99 61 46 15 81 15 79 63 92]
[73 9 81 50 8 80 77 35 63 93 86 40 42 22 49 33 65 88 3 4]
[0 0 0 0 0 0 0 0 1 0 0 100 0 1 0 0 0 0 0 0]
[25 100 10 14 83 59 20 80 49 46 3 47 88 57 25 83 73 25 77 42]
[39 70 33 36 73 1 42 19 31 60 35 2 73 41 56 10 72 53 57 14]
[0 0 0 0 0 0 0 0 0 0 0 0 0 0 0 100 1 0 100 0]
[96 74 100 97 61 63 62 71 50 88 28 74 98 68 64 77 21 64 82 99]
[99 36 8 55 31 74 10 77 24 36 54 32 46 11 84 35 1 29 9 91]
[0 0 0 0 0 0 100 0 0 100 0 1 0 0 0 0 0 0 0 0]
[95 71 100 4 57 16 80 38 57 53 98 58 19 89 90 28 72 49 93 53]
[59 14 9 7 11 62 25 95 61 13 56 88 23 80 70 40 42 100 37 69]
[0 0 0 0 0 0 0 100 0 100 0 0 0 0 0 0 0 100 0 0]
[87 18 9 78 41 20 9 91 46 42 61 24 75 46 12 31 82 86 94 18]
[59 42 9 20 95 25 17 93 12 53 67 4 31 74 62 61 92 43 31 77]
[0 0 0 0 0 0 0 0 0 0 1 0 0 1 0 0 0 1 0 0]
[68 47 65 94 78 30 21 89 25 85 38 32 71 52 21 14 92 73 37 64]
[66 93 80 23 43 23 59 73 20 79 46 17 80 78 73 96 43 34 41 57]
[0 100 0 0 0 0 0 100 0 0 0 0 0 0 0 0 0 1 0 0]
[43 28 77 81 10 16 53 47 57 65 73 70 97 63 49 5 28 69 31 23]
[95 61 39 96 76 88 5 29 56 97 74 19 23 5 35 40 60 70 21 13]
[0 0 0 0 0 0 100 0 0 0 0 0 100 100 0 0 0 0 0 0]
[67 42 30 69 86 77 1 38 25 67 88 72 19 69 49 70 54 21 8 67]
[31 21 61 68 52 19 76 58 67 57 1 36 58 13 55 41 40 93 55 89]
[0 0 0 0 0 0 0 100 0 0 1 0 0 0 100 0 0 0 0 0]
[38 25 73 49 70 48 76 7 22 43 64 30 88 43 74 93 12 94 48 37]
[3 12 8 24 79 91 92 73 18 95 74 73 26 24 93 40 26 54 87 56]
[0 0 0 1 0 0 0 0 1 0 0 0 0 0 0 0 0 0 0 100]
[6 41 83 24 89 78 84 32 52 96 88 64 4 9 84 16 22 4 22 27]
[18 34 45 38 41 88 50 85 79 11 29 58 68 71 48 65 16 15 84 86]
[0 0 1 0 100 0 0 0 0 0 0 0 100 0 0 0 0 0 0 0]
[89 23 58 4 19 89 85 91 81 90 22 32 5 81 6 51 54 89 90 29]
[97 90 98 58 62 47 11 12 85 96 98 13 97 87 15 87 9 85 20 60]
[0 1 0 0 0 0 0 0 0 0 0 0 0 0 0 0 100 0 0 100]
[90 3 26 51 45 38 88 30 49 79 39 35 18 57 37 14 31 86 36 8]
[75 0 77 43 75 44 71 64 47 35 59 93 59 52 18 52 64 27 0 54]
[1 0 0 1 0 0 0 0 0 0 0 0 0 0 0 0 0 1 0 0]
[98 52 28 96 44 18 74 67 32 80 25 95 4 95 96 75 72 96 80 85]
[23 67 56 11 70 60 94 16 55 8 50 94 62 40 92 41 64 3 92 12]
[0 0 0 0 0 0 0 0 100 0 0 0 0 100 100 0 0 0 0 0]
[63 22 31 38 99 38 63 46 35 89 95 68 1 9 86 20 90 60 82 49]
[39 46 86 72 32 76 56 91 32 15 94 25 27 86 100 100 34 30 12 29]
[0 0 0 0 0 0 0 0 0 0 0 100 0 100 0 0 0 0 100 0]
[8 78 22 58 97 76 90 67 82 91 81 70 42 83 35 37 21 41 63 63]
[96 89 52 33 94 41 99 74 61 22 88 92 22 26 26 58 5 6 78 67]
[100 0 100 100 0 0 0 0 0 0 0 0 0 0 0 0 0 0 0 0]
[39 15 30 84 32 43 65 62 45 11 41 76 89 88 19 31 77 81 63 89]
[15 13 44 44 46 62 98 83 19 31 40 5 24 69 89 71 66 86 80 31]
[0 0 0 0 0 0 0 0 0 100 0 0 100 0 0 0 0 100 0 0]
[72 51 97 13 59 28 35 36 66 52 90 35 62 49 74 26 40 61 29 25]
[87 35 97 44 38 30 23 63 55 91 88 27 51 25 40 84 75 19 19 25]
[0 0 0 0 100 0 1 0 0 0 0 0 0 0 0 0 100 0 0 0]
[69 34 9 73 22 66 65 9 70 2 15 73 100 98 58 2 14 42 57 17]
[75 69 63 51 25 50 73 45 35 10 88 35 20 62 16 43 19 46 62 60]
[0 0 0 100 0 0 0 0 0 0 0 0 100 100 0 0 0 0 0 0]
[76 63 2 9 35 41 52 53 12 33 51 69 62 87 8 44 14 37 7 76]
[95 15 100 18 80 26 97 38 5 9 64 31 7 34 27 7 57 70 78 50]
[100 0 0 0 0 0 0 100 0 0 0 0 0 0 0 0 0 0 0 100]
[12 38 84 79 4 86 74 67 39 5 44 33 35 47 67 6 83 39 74 24]
[22 8 52 59 39 37 51 27 22 34 93 58 11 93 5 15 66 83 43 38]
[0 0 0 0 0 0 0 1 0 0 100 0 0 0 0 100 0 0 0 0]
[33 49 49 99 87 53 97 81 93 39 68 100 12 54 81 79 57 84 16 80]
[8 81 96 90 10 10 16 88 3 39 13 77 15 72 38 11 61 82 59 1]
[0 0 0 0 0 0 0 1 0 0 1 0 0 0 0 0 0 100 0 0]
[35 39 5 14 24 74 22 83 58 12 5 81 65 45 49 96 7 23 64 46]
[31 10 23 6 27 75 53 1 75 62 4 50 41 70 56 41 50 80 89 88]
[0 0 0 0 0 0 0 0 1 0 1 0 0 0 100 0 0 0 0 0]
[38 10 79 20 93 79 65 69 96 22 78 41 86 99 9 1 75 33 13 36]
[71 16 70 64 89 7 71 77 44 91 63 85 44 79 90 27 37 81 77 43]
[100 0 0 100 0 0 0 1 0 0 0 0 0 0 0 0 0 0 0 0]
[90 52 58 81 3 98 12 36 72 95 2 79 91 83 63 86 19 22 41 91]
[81 75 6 45 39 78 57 30 80 56 48 80 83 8 62 29 5 36 58 68]
[0 0 0 0 0 0 1 0 1 0 1 0 0 0 0 0 0 0 0 0]
[86 19 50 51 11 62 26 20 93 92 91 16 41 9 28 34 3 97 50 29]
[27 33 7 35 5 77 98 26 73 64 25 20 60 59 94 66 23 84 97 1]
[0 0 0 100 0 0 0 0 0 0 0 0 1 0 0 100 0 0 0 0]
[77 97 0 22 42 76 7 7 81 24 13 65 63 95 39 21 35 53 96 100]
[2 57 39 32 62 50 67 46 96 57 97 91 29 85 86 59 41 89 0 17]
[100 0 0 0 0 100 100 0 0 0 0 0 0 0 0 0 0 0 0 0]
[97 64 64 71 0 54 3 59 57 86 37 72 26 6 6 45 11 76 59 41]
[9 10 67 83 84 95 23 96 14 7 50 91 80 97 22 63 20 18 79 77]
[1 0 0 0 0 1 0 1 0 0 0 0 0 0 0 0 0 0 0 0]
[57 84 73 81 65 47 21 70 34 88 99 13 86 66 54 26 97 18 2 22]
[54 59 82 48 67 53 18 50 15 36 77 74 82 55 65 56 91 63 11 63]
[0 0 1 0 0 0 1 0 0 0 0 0 0 0 0 0 0 0 1 0]
[5 21 87 26 96 89 96 95 8 36 56 54 18 35 14 80 73 10 44 73]
[24 38 84 54 15 48 62 29 22 7 51 35 67 31 3 49 10 12 0 66]
[0 1 0 0 0 0 0 0 1 0 0 0 0 0 0 0 0 0 100 0]
[30 58 44 95 49 44 25 21 3 25 88 26 61 59 24 76 10 54 13 15]
[66 83 37 83 13 56 45 62 90 33 17 23 63 50 75 72 5 93 93 4]
[0 0 1 0 0 0 0 0 0 0 1 0 0 0 0 1 0 0 0 0]
[10 7 27 97 69 54 67 24 50 74 59 96 9 31 43 3 24 42 99 12]
[15 100 96 14 31 92 32 29 72 91 71 70 95 68 8 77 9 55 85 26]
[0 0 0 0 0 0 0 0 0 0 0 1 1 0 0 1 0 0 0 0]
[54 82 9 33 69 73 88 65 1 22 10 10 92 100 34 27 25 39 19 99]
[19 22 59 68 5 57 53 44 84 78 45 93 34 38 47 8 12 46 90 94]
[0 0 1 0 100 0 0 0 0 1 0 0 0 0 0 0 0 0 0 0]
[21 29 85 76 78 27 65 23 96 20 73 30 93 77 31 56 42 60 40 13]
[86 64 65 70 50 74 96 95 92 13 2 27 41 12 38 60 99 7 49 67]
[0 0 0 1 0 0 0 0 0 0 0 0 0 0 0 1 0 1 0 0]
[25 7 72 25 8 99 97 84 90 92 17 13 53 38 82 76 8 50 56 78]
[18 16 95 35 13 29 27 55 15 99 78 84 79 25 96 97 20 41 32 69]
[0 0 0 0 0 0 0 1 0 0 100 0 0 0 0 0 1 0 0 0]
[74 99 32 20 62 33 91 70 91 44 24 17 63 95 47 62 76 28 99 86]
[27 32 10 27 53 61 74 90 96 87 77 64 86 61 92 53 18 25 41 70]
[100 0 0 0 0 1 1 0 0 0 0 0 0 0 0 0 0 0 0 0]
[38 60 4 97 93 12 43 21 81 25 51 23 81 65 64 9 88 1 15 33]
[66 86 92 7 38 62 96 14 12 69 59 9 83 17 67 42 89 55 7 34]
[0 100 1 1 0 0 0 0 0 0 0 0 0 0 0 0 0 0 0 0]
[53 25 1 21 48 74 73 88 11 51 80 60 96 52 4 32 93 81 35 60]
[42 68 53 45 77 91 83 46 95 65 15 44 76 60 22 21 24 52 52 33]
[0 0 0 0 0 1 0 0 0 0 1 0 0 0 1 0 0 0 0 0]
[33 62 87 26 37 64 2 9 73 84 73 65 84 87 18 71 65 38 76 1]
[84 71 46 22 21 85 2 74 44 18 97 72 68 54 82 99 32 72 70 40]
[0 0 0 100 0 0 100 0 0 0 0 0 0 0 100 0 0 0 0 0]
[96 30 17 23 16 20 82 12 39 58 80 36 43 11 1 24 89 31 2 13]
[16 83 93 77 70 35 5 88 26 67 72 2 79 22 14 86 30 32 18 74]
[0 0 1 0 0 0 0 100 0 0 0 0 0 0 0 0 0 1 0 0]
[87 15 67 76 13 79 38 62 44 7 11 85 89 24 5 87 70 59 71 84]
[44 18 68 49 76 31 96 55 18 80 26 12 1 36 66 83 68 32 62 89]
[0 0 0 0 0 100 0 0 0 0 0 0 1 0 0 0 0 0 0 100]
[21 27 28 26 50 77 62 1 69 100 50 45 37 87 90 53 16 5 47 23]
[25 47 69 23 87 88 10 6 62 80 20 18 9 75 19 39 69 20 89 27]
[0 0 0 0 0 0 0 0 0 0 0 100 0 1 0 0 0 100 0 0]
[33 60 16 84 59 46 75 16 53 65 71 6 8 1 34 69 73 35 77 44]
[51 81 86 24 6 20 26 88 75 88 99 63 5 77 95 81 30 26 29 32]
[0 0 100 0 0 0 0 0 0 0 0 1 0 0 1 0 0 0 0 0]
[42 66 40 7 17 46 77 2 88 0 81 30 91 50 70 0 9 57 66 64]
[79 74 46 19 81 20 4 87 92 51 10 72 63 67 76 52 14 4 71 61]
[0 0 1 0 0 0 0 100 0 0 0 0 0 0 1 0 0 0 0 0]
[34 91 43 27 12 63 57 2 98 48 77 13 28 17 20 78 35 13 44 40]
[85 80 19 27 16 98 86 2 60 1 15 3 35 11 33 41 70 84 92 70]
[0 100 0 0 0 1 0 0 0 0 0 0 0 0 0 0 0 1 0 0]
[54 28 79 49 40 88 89 31 32 71 17 34 17 87 74 60 93 77 72 13]
[48 4 51 68 84 70 59 82 51 33 60 84 46 86 81 96 100 90 30 17]
[0 0 0 0 100 1 0 0 0 0 0 0 0 0 0 1 0 0 0 0]
[29 25 22 59 48 70 91 14 65 6 32 77 42 99 87 97 29 12 58 16]
[62 22 60 65 14 42 14 68 70 25 24 46 40 47 6 55 95 13 39 98]
[0 0 0 0 1 0 1 0 0 0 0 0 0 0 0 0 0 0 0 1]
[37 19 62 97 2 97 75 68 77 54 89 22 38 33 81 10 23 53 57 3]
[41 72 25 14 63 77 96 24 36 20 68 11 69 38 17 39 50 44 41 75]
[0 1 0 0 0 0 0 0 0 0 0 0 1 0 0 0 1 0 0 0]
[73 51 5 37 88 73 24 54 28 21 56 24 6 86 42 44 38 71 66 21]
[39 95 25 22 62 97 0 34 44 53 12 18 49 14 23 57 70 57 36 17]
[0 0 0 1 0 0 0 0 0 100 0 1 0 0 0 0 0 0 0 0]
[30 17 22 46 69 34 19 21 91 100 19 82 31 37 36 87 79 34 51 91]
[41 54 15 21 59 36 86 33 35 47 2 17 85 62 18 40 66 7 3 36]
[0 0 0 0 0 0 0 0 0 0 0 100 0 0 100 0 0 0 0 100]
[28 26 45 6 91 100 15 26 27 12 52 85 50 95 90 76 33 96 98 40]
[90 73 54 59 40 92 52 49 73 71 76 22 30 79 53 76 69 41 91 46]
[0 0 0 0 0 100 0 100 0 0 0 0 0 0 100 0 0 0 0 0]
[35 31 72 40 21 91 69 33 62 47 35 26 59 55 39 49 85 59 7 12]
[20 14 54 31 95 32 11 40 93 35 31 72 33 97 87 61 73 100 14 7]
[1 100 0 0 100 0 0 0 0 0 0 0 0 0 0 0 0 0 0 0]
[33 30 98 3 3 70 4 67 33 45 76 28 51 7 12 89 31 11 54 46]
[81 38 79 57 94 62 89 96 18 98 59 67 87 15 66 15 97 57 51 52]
[0 0 0 0 0 0 100 0 0 0 0 0 0 0 0 0 0 100 0 100]
[97 18 96 17 14 3 28 54 6 3 2 93 86 56 13 7 44 66 100 59]
[12 56 86 59 19 67 56 28 66 51 36 87 8 99 53 7 5 92 69 14]
[0 0 0 0 0 0 0 0 0 0 0 0 0 0 1 1 0 0 1 0]
[91 16 13 71 91 39 33 29 78 18 82 87 46 9 45 22 25 6 22 4]
[7 12 46 93 43 2 72 99 12 82 12 59 37 60 34 63 39 57 17 58]
[1 0 100 1 0 0 0 0 0 0 0 0 0 0 0 0 0 0 0 0]
[81 58 48 11 47 5 17 22 9 43 69 38 28 15 54 80 43 47 41 52]
[53 44 29 92 36 88 46 16 42 10 95 53 41 5 60 40 22 18 40 59]
[0 100 0 0 0 0 0 0 0 0 0 100 0 0 0 0 0 0 0 100]
[84 35 83 40 58 63 34 30 47 9 74 13 27 29 72 18 84 3 40 7]
[91 33 44 40 79 50 92 28 91 79 86 71 69 62 88 75 90 6 86 77]
[0 1 0 0 0 0 1 0 0 0 0 0 0 0 0 0 0 0 0 1]
[60 39 95 50 31 57 100 36 10 78 66 88 5 39 78 74 9 75 20 14]
[41 83 92 36 70 77 61 5 24 70 13 4 51 48 57 26 69 84 84 5]
[0 1 0 0 0 0 0 100 0 0 0 0 0 1 0 0 0 0 0 0]
[27 59 99 75 97 22 37 79 90 70 47 24 93 40 5 68 10 35 24 62]
[8 17 36 59 4 34 77 11 65 31 53 47 9 47 69 42 11 98 68 70]
[0 0 0 0 1 100 0 0 0 0 0 0 1 0 0 0 0 0 0 0]
[57 27 69 54 82 15 20 99 10 83 27 7 54 46 45 35 22 7 86 20]
[85 93 32 11 77 49 43 82 88 4 72 85 29 67 70 42 47 95 55 29]
[0 0 0 0 0 0 0 0 0 0 1 0 0 0 0 1 0 0 1 0]
[24 59 84 17 18 80 14 0 75 0 58 87 66 38 31 17 9 73 37 42]
[17 22 7 74 92 1 99 59 35 46 12 60 34 95 84 75 96 1 61 71]
[0 0 100 0 0 0 0 0 0 0 0 0 100 0 0 0 0 0 0 100]
[67 9 35 95 79 100 10 49 37 56 35 63 6 35 73 14 56 61 27 66]
[12 96 71 29 69 67 95 51 5 73 82 35 6 80 92 34 1 68 81 94]
[0 0 0 1 0 0 0 1 0 0 0 0 0 0 0 0 1 0 0 0]
[35 60 67 61 6 9 6 12 99 33 9 67 63 95 97 60 40 29 46 19]
[60 96 65 78 33 51 69 25 15 77 42 68 81 60 4 29 7 70 43 47]
[0 0 0 0 0 0 100 0 0 0 0 0 0 1 0 0 0 100 0 0]
[57 94 78 81 11 63 92 4 17 80 74 65 66 10 62 40 86 27 18 90]
[96 73 67 34 16 81 39 75 88 80 13 36 69 55 70 70 56 36 70 93]
[0 0 0 0 0 0 0 0 0 0 100 0 0 0 0 0 0 0 100 100]
[57 3 11 48 57 26 30 53 55 26 77 44 0 78 42 19 100 49 79 63]
[70 27 64 46 6 43 36 82 48 18 44 77 20 4 59 79 69 50 64 45]
[0 1 100 0 0 0 0 0 0 0 0 0 0 0 1 0 0 0 0 0]
[63 62 56 25 25 28 77 33 88 84 68 7 13 35 56 42 89 40 75 62]
[38 53 40 34 10 11 98 10 17 37 43 69 74 55 61 24 4 73 54 4]
[0 0 0 1 0 1 0 0 100 0 0 0 0 0 0 0 0 0 0 0]
[100 88 78 79 92 48 86 49 36 31 9 67 21 76 81 82 4 21 1 70]
[32 24 24 95 2 32 69 38 81 61 51 31 15 36 80 77 69 43 2 33]
[0 0 0 0 0 1 0 0 1 0 0 0 0 0 0 0 1 0 0 0]
[31 69 22 32 49 59 57 43 6 49 62 83 77 62 7 6 76 48 20 96]
[95 99 90 56 84 1 83 33 91 4 56 68 44 34 90 54 78 36 15 21]
[0 0 0 1 0 0 0 0 0 0 0 0 1 0 0 0 0 0 0 1]
[74 82 91 29 54 93 61 85 10 49 45 15 33 58 80 74 75 86 58 80]
[33 32 41 45 23 29 99 5 73 90 63 9 23 64 39 41 28 41 17 82]
[0 0 0 0 0 0 0 0 0 0 100 0 0 0 100 0 1 0 0 0]
[24 89 13 23 14 31 14 67 0 48 64 56 42 94 82 9 100 97 70 89]
[84 27 57 6 85 11 85 1 74 82 56 20 83 35 30 91 4 54 20 19]
[0 0 0 0 0 0 100 0 0 0 1 100 0 0 0 0 0 0 0 0]
[48 43 92 97 83 42 72 100 5 91 91 64 19 3 8 27 54 50 84 15]
[65 44 3 38 26 50 85 21 96 67 8 22 55 15 34 49 73 46 91 31]
[0 1 100 0 0 0 0 0 0 0 0 0 0 0 0 0 0 0 1 0]
[92 58 7 51 83 77 81 35 40 49 21 81 18 92 63 19 36 36 89 2]
[21 7 87 0 56 96 11 72 84 75 46 44 44 22 95 82 61 4 50 5]
[0 0 0 0 0 0 1 0 0 0 0 0 100 0 0 0 100 0 0 0]
[10 16 66 51 42 86 55 40 48 58 80 12 92 22 3 63 43 24 96 63]
[70 82 37 29 48 35 60 76 17 12 8 64 39 80 69 54 81 15 29 93]
[0 0 0 0 0 0 0 0 0 0 0 1 0 0 1 0 1 0 0 0]
[86 46 30 16 74 18 12 77 95 56 28 6 83 79 51 26 82 74 29 40]
[48 60 11 64 86 21 50 35 29 88 88 48 55 95 19 71 43 92 5 37]
[0 0 0 0 100 0 1 0 0 0 0 0 0 1 0 0 0 0 0 0]
[65 84 93 63 54 36 10 5 23 65 21 41 91 83 39 65 25 33 30 3]
[58 68 65 50 78 55 53 80 56 81 83 17 49 94 72 69 48 33 5 37]
[0 0 0 0 0 0 0 0 100 0 0 0 0 1 0 0 0 0 0 1]
[96 5 76 18 64 87 44 56 92 3 97 14 89 65 1 40 60 95 71 70]
[33 24 17 95 95 91 67 44 17 75 92 40 72 80 30 58 86 17 100 73]
[100 0 100 0 0 0 0 0 0 0 0 0 0 100 0 0 0 0 0 0]
[3 69 47 96 71 31 40 53 68 20 60 92 1 44 44 41 17 76 17 31]
[2 52 76 99 53 72 26 7 50 46 48 81 14 5 43 16 8 85 9 94]
[0 0 0 0 0 0 1 0 0 0 0 0 0 1 1 0 0 0 0 0]
[58 47 26 66 6 72 93 35 70 21 24 54 41 75 31 62 41 55 20 24]
[66 46 22 68 90 37 56 25 11 62 39 78 53 99 58 85 59 50 44 98]
[0 1 0 0 0 0 0 0 0 0 0 0 0 0 0 1 1 0 0 0]
[0 67 18 21 10 31 22 96 89 39 78 45 73 76 68 77 10 98 42 31]
[97 16 69 66 5 40 83 16 80 58 7 5 33 36 4 92 89 5 38 85]
[0 0 0 100 0 0 0 100 0 0 1 0 0 0 0 0 0 0 0 0]
[58 75 17 83 44 37 56 21 82 99 18 97 63 56 67 9 25 13 38 12]
[59 81 53 38 21 26 35 52 38 78 5 16 56 24 26 0 55 60 55 4]
[0 0 0 0 1 0 0 0 0 0 0 0 0 0 0 100 0 0 1 0]
[24 98 77 53 13 13 61 63 70 16 87 99 57 54 43 8 66 2 99 90]
[17 31 79 21 78 87 36 2 15 94 39 8 48 41 2 20 58 77 4 78]
[0 0 0 0 0 0 0 0 1 0 0 0 1 0 0 0 0 0 0 1]
[13 57 7 40 53 34 59 13 84 70 16 65 71 43 78 41 31 34 55 91]
[44 78 97 74 100 83 69 82 39 100 44 71 65 88 8 43 63 50 2 24]
[0 0 0 0 0 0 0 0 0 0 0 0 100 0 0 0 100 0 100 0]
[48 53 14 85 92 17 60 75 43 60 76 68 83 2 96 89 9 29 73 42]
[0 31 2 9 37 93 31 41 19 61 8 66 48 81 20 74 88 32 92 84]
[0 0 0 0 0 0 0 0 0 0 100 0 100 0 1 0 0 0 0 0]
[53 53 4 6 68 53 82 69 41 39 96 83 26 99 85 29 7 82 66 18]
[5 72 96 81 55 36 61 54 19 59 71 77 28 70 62 22 93 41 32 89]
[0 0 0 0 0 0 0 0 0 100 0 0 0 0 0 100 0 0 100 0]
[28 25 14 41 0 11 97 81 70 28 10 58 5 13 4 10 40 49 79 66]
[90 45 23 81 97 0 70 47 40 7 61 97 98 67 43 74 24 82 17 100]
[0 0 0 0 0 100 0 0 0 0 0 0 0 0 0 0 100 0 100 0]
[3 99 32 92 67 58 88 64 28 59 82 42 51 45 52 0 45 10 86 98]
[30 43 1 39 76 63 23 34 55 55 21 80 71 86 52 83 12 8 45 7]
[1 0 0 0 0 0 0 100 0 0 0 0 0 0 100 0 0 0 0 0]
[39 63 34 4 42 74 18 0 79 54 79 38 92 84 77 17 29 90 39 6]
[57 5 39 55 87 92 89 36 8 69 57 43 56 49 0 57 89 62 40 89]
[1 0 0 0 0 0 0 0 1 0 0 0 0 0 0 0 0 0 0 1]
[13 81 91 80 4 63 68 22 22 63 69 63 12 29 85 18 44 25 43 46]
[77 41 89 80 83 80 88 95 94 36 66 68 54 74 49 71 6 81 67 92]
[0 0 0 0 0 0 0 0 0 1 0 0 1 0 0 0 0 0 100 0]
[51 48 76 46 38 99 69 65 97 14 53 23 63 68 21 69 4 59 0 36]
[80 64 84 27 61 89 39 22 97 3 55 97 34 21 90 42 13 99 57 75]
[1 0 0 0 1 0 0 0 0 1 0 0 0 0 0 0 0 0 0 0]
[77 32 30 62 73 15 46 98 39 45 93 81 35 46 3 28 20 27 40 62]
[11 74 51 73 37 54 37 30 55 89 65 51 9 62 56 0 23 24 6 90]
[0 0 1 0 0 0 0 100 1 0 0 0 0 0 0 0 0 0 0 0]
[100 54 82 64 81 84 5 30 43 92 56 100 54 26 86 40 33 23 72 95]
[10 37 91 92 30 47 64 5 65 20 37 61 67 89 23 77 38 99 88 68]
[0 0 1 0 0 0 0 0 0 0 0 0 0 0 0 1 0 0 0 1]
[13 91 69 65 74 43 28 15 14 79 56 82 34 100 72 99 38 45 96 43]
[81 22 35 89 28 56 17 48 2 58 6 8 90 4 0 58 90 52 12 65]
[0 0 0 0 100 0 0 1 0 0 0 100 0 0 0 0 0 0 0 0]
[26 99 95 83 86 49 28 44 82 92 70 36 90 8 23 51 65 51 52 29]
[50 83 47 51 34 61 85 39 13 37 83 86 39 15 39 41 42 5 71 32]
[1 0 0 1 0 0 1 0 0 0 0 0 0 0 0 0 0 0 0 0]
[61 62 64 69 74 50 95 50 82 48 24 51 69 91 70 79 45 45 98 83]
[5 69 25 92 0 2 35 64 4 1 1 54 10 62 25 46 34 72 50 35]
[100 0 0 0 0 0 1 0 0 0 0 0 0 100 0 0 0 0 0 0]
[67 66 5 43 76 47 93 54 67 66 21 7 11 23 7 32 100 78 57 40]
[17 27 64 44 64 71 38 9 20 89 76 53 72 59 3 88 97 4 38 43]
[0 0 0 0 0 0 100 0 0 0 0 1 0 0 0 0 0 100 0 0]
[41 96 29 97 4 84 8 55 15 84 12 84 92 47 21 18 50 88 12 59]
[85 40 57 85 42 6 29 13 42 60 22 74 62 28 59 82 78 77 93 78]
[0 0 1 1 0 0 100 0 0 0 0 0 0 0 0 0 0 0 0 0]
[13 74 41 10 68 48 27 53 13 77 70 84 93 46 72 91 12 40 61 13]
[51 82 13 98 75 71 71 91 62 60 94 43 69 70 43 99 3 44 23 35]
[0 0 0 0 0 0 0 0 0 0 1 1 0 0 0 0 0 0 100 0]
[17 89 22 3 100 40 23 39 42 90 22 97 87 72 30 68 9 57 31 30]
[25 62 22 77 54 65 85 8 23 85 19 79 59 75 96 22 70 16 1 26]
[0 0 100 100 0 0 0 0 0 0 0 0 0 0 0 100 0 0 0 0]
[34 54 42 79 65 15 75 35 31 80 79 51 96 49 87 51 27 30 44 98]
[67 78 42 71 7 88 6 11 65 50 49 31 47 58 14 9 34 38 9 70]
[0 0 0 100 0 0 0 0 0 0 0 0 0 0 0 100 0 0 0 100]
[61 64 67 97 43 75 47 27 95 67 49 45 56 81 92 27 13 20 22 36]
[39 6 48 86 14 47 25 43 84 47 27 87 52 25 0 46 23 15 60 14]
[0 0 0 0 0 1 1 0 0 0 0 0 100 0 0 0 0 0 0 0]
[46 12 26 12 55 30 54 21 79 14 7 58 91 46 5 83 34 76 80 8]
[54 7 2 82 36 78 64 64 6 25 31 42 6 88 46 2 98 33 71 24]
[0 0 0 0 0 0 0 0 0 1 0 0 0 1 1 0 0 0 0 0]
[67 40 61 4 55 8 82 80 45 62 27 32 0 93 16 19 17 68 67 36]
[61 84 16 59 22 28 65 97 96 26 40 75 42 79 2 43 99 78 18 9]
[0 0 0 0 100 0 0 0 1 0 0 0 0 0 0 100 0 0 0 0]
[31 49 96 4 23 74 56 40 49 58 38 15 23 64 77 31 12 50 12 71]
[96 86 84 4 30 25 87 75 58 43 97 88 76 87 5 92 12 5 13 98]
[0 0 0 0 0 0 0 0 0 0 0 0 0 0 100 100 0 0 1 0]
[79 46 76 55 57 7 17 71 94 67 24 41 58 89 5 81 59 97 98 24]
[1 90 20 75 38 74 47 68 76 21 62 73 36 28 56 17 21 53 95 65]
[0 0 0 0 0 0 0 100 0 0 0 0 0 0 100 0 100 0 0 0]
[47 7 92 7 53 47 42 21 92 39 36 75 62 51 50 79 24 39 66 21]
[48 86 12 91 4 77 53 74 14 83 6 25 34 84 14 27 40 9 82 51]
[0 0 0 0 0 0 0 0 0 0 0 100 0 1 0 0 0 0 0 100]
[89 84 95 71 39 24 99 90 40 27 88 42 58 84 80 20 4 25 23 66]
[18 93 5 71 19 31 95 94 48 78 44 89 4 65 39 33 50 15 48 26]
[0 1 0 0 0 0 100 0 0 0 0 0 0 0 100 0 0 0 0 0]
[6 60 21 65 29 33 29 93 18 23 87 55 89 71 58 57 36 28 20 5]
[39 38 44 93 44 77 99 37 44 14 69 100 62 90 18 0 69 55 100 0]
[0 0 0 0 0 1 0 0 0 0 1 0 0 0 0 0 0 100 0 0]
[50 4 75 62 43 33 74 9 42 44 47 90 31 99 96 58 88 55 83 58]
[44 43 90 0 45 10 54 30 100 59 35 11 3 49 80 26 34 89 2 74]
[0 0 0 0 0 0 0 0 1 0 0 0 0 0 0 1 0 1 0 0]
[43 30 15 92 50 50 29 89 5 13 1 81 75 65 11 31 32 59 42 95]
[61 100 90 49 3 64 74 97 43 6 72 16 51 49 98 3 9 88 99 97]
[0 1 0 100 0 0 0 1 0 0 0 0 0 0 0 0 0 0 0 0]
[27 49 18 78 35 60 42 48 58 20 58 39 67 38 50 41 17 71 40 44]
[82 51 100 66 37 76 94 44 11 73 22 65 73 45 1 6 14 84 92 82]
[0 0 0 0 0 0 1 0 0 0 100 0 0 0 0 0 1 0 0 0]
[45 59 100 5 31 46 39 90 72 99 76 19 20 15 0 24 19 11 65 57]
[13 70 59 29 33 27 23 26 82 79 95 85 53 36 82 28 81 1 56 69]
[0 1 0 0 0 0 0 0 0 0 0 0 0 0 0 0 0 1 0 1]
[85 90 70 26 61 73 90 98 7 7 63 29 91 50 87 5 39 21 64 86]
[6 94 52 58 74 15 21 83 66 47 81 67 12 88 29 98 25 5 27 4]
[1 0 0 0 0 0 100 0 0 0 0 100 0 0 0 0 0 0 0 0]
[31 95 5 91 39 59 2 22 47 9 9 22 71 77 20 33 0 13 55 74]
[65 59 85 91 11 87 19 48 5 66 80 25 16 27 65 26 54 1 78 57]
[0 0 0 0 0 0 100 0 0 100 0 0 0 0 0 100 0 0 0 0]
[69 67 100 87 10 44 63 97 59 42 99 86 45 90 88 28 62 18 47 59]
[52 85 81 20 100 27 91 89 19 3 49 71 38 10 57 65 43 25 20 57]
[0 0 0 0 100 0 0 0 0 0 0 0 0 1 0 0 0 100 0 0]
[0 73 65 74 51 75 83 69 2 37 33 31 6 95 16 38 94 88 19 54]
[84 11 29 79 57 51 40 37 58 39 52 64 44 51 12 91 99 25 90 46]
[0 0 0 100 0 0 0 0 0 0 1 0 0 0 0 1 0 0 0 0]
[53 98 25 54 99 42 60 18 25 54 4 47 9 24 81 24 57 48 79 12]
[38 99 38 71 26 51 45 25 1 34 61 29 35 91 13 82 98 72 21 21]
[0 0 0 0 0 0 0 0 0 0 1 0 0 0 0 100 0 0 0 100]
[38 49 78 15 55 29 32 86 27 59 83 74 20 94 98 24 32 63 96 87]
[69 10 71 25 64 41 27 75 53 62 2 7 58 13 65 67 7 88 61 55]
[0 0 0 0 0 0 0 0 0 0 0 0 0 0 0 100 1 0 0 100]
[3 4 32 81 40 22 12 18 0 56 53 77 84 2 23 28 94 30 73 75]
[75 64 99 55 2 7 93 13 24 52 3 27 40 87 83 56 64 19 95 61]
[0 100 0 100 1 0 0 0 0 0 0 0 0 0 0 0 0 0 0 0]
[24 35 6 32 36 63 76 15 65 49 38 90 33 80 6 14 14 100 41 34]
[38 81 65 74 18 17 40 42 30 62 21 13 40 56 74 72 39 98 18 12]
[0 0 0 1 0 0 0 0 0 0 0 0 0 0 1 0 0 0 0 1]
[13 92 65 42 90 15 8 57 4 68 86 7 59 47 92 13 56 53 95 16]
[97 87 16 62 64 53 61 46 82 8 30 73 78 19 53 28 86 17 68 2]
[100 0 0 100 0 0 0 0 0 0 1 0 0 0 0 0 0 0 0 0]
[77 73 95 22 43 9 61 37 6 43 69 34 96 93 41 55 93 27 16 54]
[53 67 88 18 9 65 22 30 51 77 44 58 22 74 14 40 98 28 84 96]
[1 0 0 0 0 0 0 0 0 1 1 0 0 0 0 0 0 0 0 0]
[31 90 41 88 53 2 34 78 20 7 32 95 81 53 40 86 49 46 54 27]
[93 5 66 89 78 84 36 50 10 25 94 49 60 27 56 99 18 38 80 94]
[0 0 0 0 0 100 0 0 0 0 0 100 0 100 0 0 0 0 0 0]
[28 2 50 17 71 16 23 20 37 9 60 25 40 56 68 21 5 20 48 43]
[12 88 71 5 88 6 45 86 17 46 89 92 43 61 51 8 53 20 51 63]
[0 0 0 0 0 0 0 0 0 0 1 0 0 0 0 0 100 100 0 0]
[84 73 56 20 69 0 69 99 5 51 33 12 13 19 43 61 10 2 27 74]
[8 25 68 34 33 95 94 15 28 1 80 62 82 10 84 4 59 37 81 23]
[0 0 0 100 0 0 0 0 0 0 0 0 1 0 0 0 1 0 0 0]
[3 77 38 46 71 78 72 61 55 78 29 55 100 76 85 96 36 92 70 55]
[55 15 59 14 80 95 94 70 43 38 82 100 20 21 22 10 81 0 69 48]
[0 0 0 0 0 0 0 0 0 1 0 0 0 0 0 0 1 0 1 0]
[34 75 32 23 6 60 78 36 63 33 16 4 6 33 0 65 42 0 6 64]
[86 21 38 12 57 11 72 29 77 19 71 25 93 3 55 30 75 84 61 0]
[0 0 0 0 0 0 0 0 0 0 100 0 1 0 100 0 0 0 0 0]
[2 71 44 92 11 18 98 78 34 77 5 57 32 97 11 33 55 48 32 34]
[8 5 98 70 14 2 5 13 100 85 78 19 53 61 70 74 60 52 37 77]
[0 0 0 100 0 0 0 0 0 0 0 0 100 100 0 0 0 0 0 0]
[49 80 42 78 21 69 17 33 85 60 96 90 89 61 74 77 12 50 72 7]
[37 33 11 50 33 61 74 10 32 2 30 64 63 29 50 18 50 4 18 74]
[0 100 0 0 0 0 0 0 0 0 0 0 0 0 1 0 0 0 0 100]
[67 10 9 42 72 9 23 2 73 20 7 69 46 89 44 62 35 52 46 3]
[25 5 11 70 41 8 46 58 82 27 18 47 46 41 27 68 9 7 53 75]
[0 0 0 0 0 0 0 100 100 0 0 0 0 0 0 0 0 0 1 0]
[79 25 76 28 60 77 32 14 76 46 49 94 56 49 9 51 93 99 21 83]
[18 29 49 1 97 42 19 21 27 9 54 97 52 100 45 28 46 2 84 78]
[0 0 0 0 0 0 0 0 0 0 0 0 0 100 100 0 0 100 0 0]
[26 89 51 44 31 93 44 1 32 24 45 86 15 8 84 58 48 22 38 60]
[66 5 97 68 55 66 14 97 9 80 7 27 1 91 77 42 7 68 64 31]
[0 0 0 100 0 0 0 0 1 0 0 0 0 0 0 0 0 0 100 0]
[45 32 91 15 39 96 4 59 78 97 6 39 27 30 5 29 88 53 90 96]
[73 8 91 73 86 91 97 57 11 86 0 59 71 2 56 100 78 96 52 37]
[0 0 0 0 0 0 0 0 0 0 100 0 0 100 0 0 0 100 0 0]
[56 13 46 42 80 4 0 72 93 71 98 90 23 57 73 22 72 79 55 37]
[16 54 9 16 10 59 88 98 63 95 27 16 6 84 54 59 63 60 28 74]
[0 0 0 0 0 0 0 0 1 0 0 0 0 0 1 0 0 0 1 0]
[4 63 99 15 84 42 14 87 33 49 82 8 76 20 54 12 63 93 63 85]
[4 12 44 67 100 80 20 95 19 81 80 61 7 24 79 48 80 77 98 59]
[0 0 0 0 0 0 0 0 0 0 0 1 0 0 100 0 100 0 0 0]
[7 17 78 10 72 75 22 58 3 10 81 9 9 11 88 34 85 54 39 68]
[12 74 16 34 14 69 92 63 93 13 73 92 55 97 33 80 71 0 47 85]
[100 0 0 0 0 100 0 0 0 0 0 0 0 0 0 0 0 1 0 0]
[94 60 28 68 95 63 64 6 76 25 11 92 34 96 42 10 16 31 60 60]
[1 80 73 43 3 71 69 82 29 17 99 72 91 0 50 18 25 72 24 4]
[0 0 0 0 0 0 100 0 0 0 0 0 0 0 0 100 100 0 0 0]
[78 2 42 47 72 8 90 63 49 74 69 29 64 20 85 48 21 89 87 63]
[92 53 71 9 0 82 17 10 95 76 44 31 99 19 88 16 40 18 72 99]
[1 0 0 0 0 0 0 0 0 1 0 0 1 0 0 0 0 0 0 0]
[42 3 8 51 63 89 47 57 18 66 43 3 53 73 4 2 3 50 16 40]
[77 47 63 52 52 71 78 73 78 34 75 33 39 87 41 52 65 100 70 41]
[0 1 0 0 0 0 0 0 0 0 0 100 0 0 0 1 0 0 0 0]
[78 71 95 90 52 69 26 26 69 52 83 66 24 19 45 69 18 84 7 76]
[87 32 35 30 57 91 74 54 11 47 87 93 29 41 90 52 51 61 6 50]
[0 0 0 0 0 0 100 1 0 0 0 0 0 0 0 0 0 1 0 0]
[25 23 42 63 51 82 15 60 97 93 78 57 56 37 12 38 23 88 41 65]
[38 78 63 14 29 30 18 67 48 42 1 75 34 41 71 76 20 94 2 63]
[0 0 0 100 100 0 0 0 0 1 0 0 0 0 0 0 0 0 0 0]
[71 69 95 76 54 80 48 2 33 77 30 2 47 16 40 13 42 33 76 11]
[79 1 68 31 45 63 60 84 97 73 87 79 70 46 63 68 54 79 34 50]
[0 0 0 0 0 0 0 0 0 0 1 0 0 0 0 1 0 1 0 0]
[28 83 48 71 83 75 1 4 96 16 50 92 90 13 27 14 8 17 17 45]
[36 52 19 55 77 92 38 34 51 90 65 92 100 60 42 10 21 68 49 45]
[0 1 0 0 0 0 0 0 0 0 0 0 0 0 0 0 0 0 100 1]
[22 23 48 98 1 60 17 66 18 1 95 8 52 62 77 32 66 31 45 27]
[8 6 47 33 44 23 98 72 53 99 10 49 95 98 48 29 92 84 36 11]
[0 0 0 0 0 0 0 100 0 0 1 0 1 0 0 0 0 0 0 0]
[40 59 30 77 81 70 76 81 44 75 53 85 46 96 21 8 55 34 71 59]
[0 64 67 90 89 77 36 83 94 8 95 60 22 51 82 55 92 57 27 85]
[100 0 0 0 0 0 0 0 0 0 0 0 100 0 0 0 100 0 0 0]
[47 50 73 47 76 39 98 45 74 3 60 1 76 48 83 1 87 52 93 13]
[35 48 55 73 95 33 77 56 75 23 32 39 11 61 82 29 34 97 23 28]
[0 0 0 1 0 0 0 1 0 0 0 0 0 0 1 0 0 0 0 0]
[4 56 90 84 76 28 31 93 67 6 63 95 29 65 60 53 15 74 36 78]
[56 78 5 35 69 37 95 83 87 55 51 37 53 36 77 1 63 94 35 64]
[100 0 0 0 0 0 0 0 100 0 0 0 0 100 0 0 0 0 0 0]
[15 1 8 89 68 95 41 36 66 71 17 93 49 95 34 83 90 62 95 15]
[7 5 33 3 27 86 18 6 39 10 48 67 94 77 56 53 74 52 95 89]
[0 0 0 0 0 0 0 0 0 0 100 0 0 1 1 0 0 0 0 0]
[85 97 75 71 27 1 14 46 47 21 59 68 47 94 11 88 57 5 73 3]
[67 80 19 65 14 74 50 73 83 33 92 78 81 91 91 66 67 74 53 29]
[0 0 0 0 0 0 0 0 0 0 0 0 1 0 0 0 100 0 1 0]
[97 94 0 98 0 57 4 49 23 83 36 6 1 38 59 2 77 6 40 46]
[18 93 55 57 46 15 15 52 9 16 45 38 73 14 87 41 70 58 77 80]
[0 0 0 0 100 0 0 0 100 0 0 0 0 0 0 0 100 0 0 0]
[59 21 96 71 52 81 97 84 51 71 45 100 54 10 1 5 81 61 28 5]
[65 60 24 47 5 21 21 49 36 78 33 0 61 37 13 16 79 41 3 38]
[0 100 0 0 0 0 100 0 0 0 0 0 0 0 0 1 0 0 0 0]
[24 25 46 64 2 56 19 51 24 90 65 83 76 27 2 99 66 54 19 59]
[70 70 31 30 84 30 58 25 92 42 89 93 66 90 12 94 5 100 31 67]
[0 0 0 0 0 0 100 0 1 0 0 100 0 0 0 0 0 0 0 0]
[26 88 74 46 41 18 58 51 3 66 47 99 41 9 29 24 23 67 56 47]
[34 91 97 95 42 87 22 44 85 37 3 14 100 69 50 79 48 40 7 80]
[0 1 0 0 0 0 0 1 0 0 0 0 1 0 0 0 0 0 0 0]
[45 75 19 35 35 40 89 53 36 97 40 2 94 68 9 24 44 3 15 38]
[74 61 68 66 73 54 65 43 52 86 0 62 65 85 5 48 14 94 13 9]
[0 0 0 0 0 0 1 0 0 0 0 1 0 0 0 0 0 0 1 0]
[58 68 78 11 87 100 38 54 75 55 41 45 83 51 43 45 45 71 3 85]
[88 92 27 70 37 87 96 21 36 19 15 39 7 25 3 31 2 23 83 46]
[0 0 0 0 0 0 0 0 0 0 0 0 0 100 0 100 0 0 0 1]
[6 17 12 15 62 93 3 62 88 98 84 68 5 63 67 80 52 3 28 2]
[3 95 50 13 75 49 14 23 52 44 38 88 79 61 40 94 14 43 56 8]
[0 1 0 0 0 0 0 0 0 0 100 0 0 0 0 0 0 1 0 0]
[5 10 39 74 57 41 98 46 45 11 3 17 77 0 74 61 85 3 95 12]
[82 25 60 65 92 44 45 60 76 62 36 91 31 11 45 6 63 43 85 38]
[0 0 0 0 0 0 0 1 0 0 100 0 0 0 0 0 0 0 0 100]
[27 82 48 65 26 17 12 56 73 39 33 64 13 79 16 20 76 2 53 99]
[99 32 15 50 97 59 71 82 21 100 96 59 7 50 45 29 26 88 54 91]
[1 0 0 0 0 0 0 0 1 0 0 0 0 0 0 0 0 0 0 100]
[90 96 95 100 21 57 76 89 53 3 52 91 42 60 4 42 21 46 68 66]
[31 93 6 29 6 71 52 65 79 53 40 2 23 47 26 25 16 31 63 51]
[0 0 0 100 0 0 0 0 0 100 0 0 0 0 100 0 0 0 0 0]
[2 42 21 37 44 50 22 80 95 15 41 77 71 44 72 75 26 24 54 71]
[54 51 17 88 64 18 17 28 97 8 94 98 90 12 98 63 66 89 61 91]
[0 0 0 0 0 0 0 0 0 1 0 0 0 0 0 100 0 0 0 1]
[81 58 93 92 5 51 41 48 20 10 34 93 81 51 27 0 58 92 95 57]
[23 29 62 51 41 73 63 26 95 8 35 47 57 32 50 16 62 31 42 21]
[0 0 0 0 0 0 0 0 0 0 0 1 0 0 1 0 0 0 0 100]
[60 81 92 97 53 32 28 57 4 78 53 97 72 86 98 1 11 87 55 78]
[28 91 23 87 98 86 51 14 60 58 82 67 97 64 40 50 8 96 8 63]
[0 0 0 0 0 100 100 0 0 100 0 0 0 0 0 0 0 0 0 0]
[74 63 17 95 6 14 47 14 85 78 78 90 91 29 39 37 8 0 97 56]
[0 55 32 1 13 9 35 51 84 76 24 44 91 63 43 53 19 76 26 11]
[0 0 0 0 100 100 0 0 0 100 0 0 0 0 0 0 0 0 0 0]
[34 38 81 34 31 32 60 40 63 21 45 31 5 38 45 18 61 14 49 98]
[22 26 27 94 68 96 81 93 34 70 13 49 89 49 37 83 91 3 7 53]
[0 0 1 0 0 0 0 0 0 0 0 0 0 1 1 0 0 0 0 0]
[18 35 91 53 75 19 43 44 49 37 58 97 28 51 21 47 1 94 40 95]
[32 78 16 85 26 36 4 38 34 93 45 75 70 79 8 5 35 23 78 89]
[0 0 0 0 1 0 0 0 0 0 0 0 0 0 0 0 0 0 1 1]
[64 33 41 36 52 52 88 94 37 85 49 33 79 80 57 79 44 78 1 30]
[26 22 80 95 74 25 100 81 66 74 11 42 23 10 78 52 34 97 40 74]
[0 0 0 0 0 1 0 0 0 1 0 0 0 0 0 1 0 0 0 0]
[43 77 2 52 16 98 15 24 13 78 70 82 87 39 3 78 48 81 87 10]
[99 66 83 51 66 2 81 70 23 43 100 53 35 39 25 18 91 72 53 65]
[0 0 0 0 0 0 0 1 0 1 0 0 0 0 0 0 0 0 1 0]
[88 20 41 31 94 77 12 21 70 41 23 45 14 62 67 78 68 31 63 2]
[39 12 55 81 39 86 66 34 2 46 44 36 31 90 62 65 74 63 48 81]
[0 0 0 0 0 0 100 0 0 0 0 0 0 1 0 0 100 0 0 0]
[77 24 41 1 28 94 9 48 86 43 10 32 30 7 45 53 65 29 60 27]
[35 75 30 67 39 77 88 81 78 5 92 82 73 52 91 42 40 51 78 78]
[0 0 0 0 0 0 0 0 0 1 0 100 0 0 0 0 0 1 0 0]
[25 51 49 96 84 97 9 31 70 41 100 55 11 28 60 93 71 97 13 53]
[33 99 25 82 56 86 38 28 63 46 3 69 70 60 97 76 73 49 55 98]
[0 0 100 0 0 0 0 0 0 0 100 0 0 1 0 0 0 0 0 0]
[59 23 68 71 97 51 62 13 21 60 74 86 39 99 17 88 89 30 40 80]
[38 34 51 16 35 72 44 48 12 55 86 66 38 15 80 54 77 4 75 90]
[0 0 0 0 0 0 0 1 0 0 0 0 1 100 0 0 0 0 0 0]
[16 31 15 52 27 7 28 7 99 81 34 99 94 40 48 88 54 72 63 61]
[35 80 94 67 50 71 25 32 24 52 35 90 37 10 18 6 26 72 26 38]
[0 0 1 0 1 0 0 0 0 0 0 100 0 0 0 0 0 0 0 0]
[87 81 59 67 74 61 94 23 53 70 44 1 38 95 31 51 17 50 20 30]
[99 11 58 85 15 100 79 55 98 59 21 1 23 72 2 71 88 97 1 91]
[100 0 0 0 0 0 0 0 0 100 0 0 0 0 0 0 0 0 1 0]
[36 30 10 86 61 92 0 25 19 23 35 50 73 56 66 34 61 2 52 76]
[12 90 20 60 27 32 78 63 97 19 28 21 71 33 29 21 24 10 29 50]
[0 0 0 100 0 100 0 0 0 0 0 0 1 0 0 0 0 0 0 0]
[48 29 14 42 38 56 0 45 70 30 68 60 73 18 91 0 25 80 74 87]
[69 46 23 23 51 75 96 34 85 37 16 10 55 13 63 76 12 44 54 63]
[0 0 0 0 0 0 1 0 0 0 100 0 0 0 0 0 0 0 100 0]
[78 63 94 48 62 33 25 74 95 69 77 20 77 43 39 3 8 61 63 19]
[55 67 70 25 26 21 69 34 73 8 77 16 70 31 4 43 0 61 45 55]
[0 0 0 0 1 0 0 0 0 0 0 100 0 0 0 0 100 0 0 0]
[44 42 36 0 94 16 16 48 33 91 4 40 11 84 39 5 31 42 85 65]
[23 32 54 59 21 18 50 5 56 33 79 89 77 56 72 20 40 77 35 30]
[0 100 0 0 0 0 0 1 0 0 0 0 0 0 0 0 100 0 0 0]
[47 77 82 20 53 73 24 84 21 66 1 81 14 23 20 99 78 0 53 35]
[31 53 93 18 25 80 76 81 19 19 51 27 54 83 7 89 48 88 84 25]
[0 0 0 0 0 0 1 0 0 0 0 0 1 0 0 1 0 0 0 0]
[34 65 12 81 92 31 12 51 12 38 27 40 69 100 37 0 41 88 83 91]
[33 48 41 84 74 72 99 5 95 64 15 29 82 61 36 76 32 97 75 53]
[0 0 0 0 0 0 1 0 0 0 0 0 0 1 1 0 0 0 0 0]
[11 8 4 65 1 67 70 68 1 53 52 88 55 69 76 29 15 20 18 51]
[22 74 33 80 25 38 17 44 54 86 6 80 94 46 7 4 87 77 22 33]
[0 0 100 0 0 0 100 0 0 1 0 0 0 0 0 0 0 0 0 0]
[62 12 0 21 100 36 96 56 72 91 5 87 7 95 68 37 88 31 70 47]
[27 80 20 100 61 20 99 86 91 100 31 92 40 94 72 18 32 91 89 82]
[0 0 100 100 0 0 0 0 0 1 0 0 0 0 0 0 0 0 0 0]
[7 58 38 82 15 54 73 100 79 49 36 3 78 61 55 87 67 96 33 61]
[75 52 47 38 19 25 67 92 30 81 51 60 19 81 75 61 4 48 70 54]
[1 0 0 1 0 0 0 100 0 0 0 0 0 0 0 0 0 0 0 0]
[68 51 77 40 57 54 81 42 59 30 75 95 54 25 14 35 14 30 95 71]
[50 87 82 2 95 85 10 87 77 50 92 45 22 2 65 44 42 47 50 31]
[100 0 0 0 0 0 0 100 0 0 0 0 0 0 0 0 0 0 1 0]
[51 79 4 56 13 18 71 10 20 23 80 38 62 38 0 66 36 57 49 47]
[71 20 76 86 92 76 44 67 18 87 38 55 40 55 26 16 20 45 57 20]
[0 0 0 0 0 0 0 0 0 0 1 0 1 0 1 0 0 0 0 0]
[96 27 75 93 43 54 77 28 18 37 13 83 39 4 20 88 55 92 24 50]
[93 32 87 13 0 98 14 92 16 97 79 11 91 2 2 16 98 57 21 14]
[0 0 100 0 0 0 1 0 0 0 0 0 0 0 1 0 0 0 0 0]
[56 77 64 79 40 96 36 40 18 79 41 94 18 65 36 45 16 28 67 95]
[24 50 4 40 78 54 41 69 95 15 80 94 7 48 74 80 47 32 19 55]
[0 0 0 0 0 0 0 0 0 0 100 100 0 100 0 0 0 0 0 0]
[76 10 3 27 44 94 6 63 6 84 29 68 8 1 6 3 93 7 20 4]
[49 18 80 94 44 32 36 42 45 95 8 57 18 71 31 60 42 88 79 22]
[0 0 0 0 0 0 0 0 0 0 0 1 0 0 0 0 0 1 0 1]
[46 55 67 56 94 93 72 25 47 65 28 27 14 48 4 98 17 97 15 6]
[59 18 23 52 34 8 44 90 80 1 64 32 83 2 57 86 61 83 13 43]
[0 0 0 0 0 0 0 0 0 0 0 1 0 0 0 0 100 0 0 100]
[86 94 39 74 62 30 83 47 79 92 68 51 52 0 74 16 75 80 48 32]
[27 48 25 95 60 47 16 61 41 84 49 98 66 6 43 15 76 84 60 75]
[0 100 0 0 0 0 0 0 0 0 0 0 0 0 0 0 100 0 100 0]
[42 52 42 45 53 65 16 82 72 38 4 79 91 32 6 83 25 66 73 10]
[5 11 43 27 98 7 23 97 2 23 72 33 87 99 70 37 54 63 2 87]
[0 1 0 0 0 0 1 0 0 0 0 1 0 0 0 0 0 0 0 0]
[66 51 42 9 0 4 44 60 99 43 60 31 72 74 96 25 18 43 12 93]
[85 0 57 25 43 78 72 78 19 67 59 60 1 4 48 99 90 94 13 87]
[0 100 0 0 0 0 100 100 0 0 0 0 0 0 0 0 0 0 0 0]
[68 83 100 42 60 71 30 58 7 91 54 10 94 71 17 34 68 59 10 93]
[89 66 82 71 79 66 33 44 9 69 6 63 40 68 60 83 7 11 5 55]
[0 1 0 0 0 0 0 0 0 0 0 0 0 0 1 0 0 0 100 0]
[93 25 16 7 89 63 7 91 94 0 39 81 35 80 93 66 7 10 61 21]
[34 63 100 11 46 44 85 60 85 16 3 97 31 9 45 15 17 92 2 29]
[0 0 0 0 0 0 0 0 100 0 0 0 1 0 0 0 0 0 1 0]
[47 82 27 53 19 7 15 49 81 86 11 46 54 68 77 37 24 16 27 82]
[36 78 13 99 1 51 63 68 64 30 37 23 0 1 93 97 14 12 50 80]
[0 0 1 0 0 0 0 0 0 1 0 0 0 0 0 0 0 0 0 1]
[77 5 79 57 57 14 45 84 11 1 37 64 9 7 76 21 91 29 36 8]
[99 85 55 71 100 30 81 37 71 27 18 52 85 20 61 76 78 55 100 19]
[0 0 0 0 0 0 0 1 1 0 0 0 0 0 0 0 0 0 1 0]
[14 99 29 12 87 81 68 81 16 22 96 8 14 83 30 11 1 97 33 18]
[96 87 1 10 63 66 29 22 36 72 65 76 16 42 95 43 94 53 29 81]
[0 1 0 0 0 0 0 0 0 0 0 0 0 100 0 100 0 0 0 0]
[8 79 64 48 40 48 4 38 13 14 51 66 94 63 4 91 99 39 26 86]
[48 66 48 70 95 16 19 51 80 13 71 52 3 7 81 43 9 47 47 61]
[1 0 0 0 0 0 1 0 0 0 0 100 0 0 0 0 0 0 0 0]
[56 10 28 52 1 18 14 9 9 86 20 42 45 33 12 61 76 100 58 36]
[95 83 99 74 22 70 10 23 75 50 8 3 87 45 41 37 23 87 20 61]
[0 0 100 100 0 0 100 0 0 0 0 0 0 0 0 0 0 0 0 0]
[98 97 22 90 82 4 66 35 19 46 35 94 19 17 89 4 14 15 73 27]
[34 62 65 63 23 6 6 87 71 80 38 16 68 68 69 92 7 25 63 19]
[0 0 0 0 0 0 0 0 0 0 0 100 0 100 0 0 0 1 0 0]
[87 90 13 49 26 21 29 69 42 49 70 0 59 9 40 59 42 46 70 27]
[26 42 42 26 26 11 29 1 28 82 33 38 47 44 98 52 87 22 49 57]
[0 0 0 0 0 0 0 0 0 0 0 1 0 0 0 1 0 1 0 0]
[79 74 51 71 66 15 43 53 4 6 84 50 26 93 17 59 64 30 72 10]
[75 23 81 92 22 39 31 72 74 33 84 92 53 88 43 78 42 4 75 67]
[100 0 0 0 0 0 0 0 0 0 0 100 0 0 1 0 0 0 0 0]
[51 25 81 80 62 47 86 40 93 83 90 27 83 74 33 40 61 98 15 54]
[24 63 97 49 57 38 67 56 1 98 45 35 74 99 79 82 95 92 15 31]
[100 0 1 0 0 0 0 0 0 0 0 0 1 0 0 0 0 0 0 0]
[9 53 60 69 26 76 50 81 55 39 19 73 55 18 10 50 42 64 8 37]
[34 85 39 8 88 60 79 50 10 90 10 88 63 42 91 9 26 20 61 35]
[100 0 0 0 100 0 0 0 0 0 0 0 1 0 0 0 0 0 0 0]
[96 74 97 5 72 94 79 30 51 42 29 61 25 99 80 37 99 29 77 32]
[94 69 57 100 14 39 2 15 23 94 30 9 13 2 63 51 57 20 95 48]
[0 0 0 0 0 0 0 1 0 0 0 0 0 0 0 100 0 0 1 0]
[55 84 32 80 93 1 75 39 25 50 0 20 83 30 23 29 92 71 5 22]
[61 36 39 70 3 30 34 17 93 73 47 15 37 45 15 56 10 3 40 10]
[0 0 0 0 0 100 0 0 1 0 0 0 0 0 0 0 0 0 0 100]
[66 56 85 43 90 31 82 70 1 15 14 22 55 50 25 40 1 41 84 0]
[9 24 43 11 84 22 32 62 70 27 34 91 39 52 8 23 76 4 78 98]
[0 0 0 0 0 0 0 0 0 0 0 0 0 0 0 100 0 0 100 1]
[41 48 41 92 100 64 50 52 36 89 32 66 80 96 5 33 76 2 3 83]
[37 8 70 66 8 60 25 93 27 2 8 8 71 42 44 15 48 55 58 0]
[0 0 0 0 0 0 0 0 0 0 0 0 0 0 0 0 100 100 100 0]
[88 24 50 83 47 94 72 28 99 45 81 70 98 90 57 38 83 26 4 7]
[18 53 74 60 35 26 24 99 41 59 37 28 58 72 96 96 60 17 26 61]
[0 0 0 0 0 0 1 0 0 100 0 0 0 0 0 1 0 0 0 0]
[69 91 25 69 81 73 32 1 65 48 90 82 91 14 64 75 84 83 45 76]
[98 39 1 50 75 69 63 28 60 12 34 3 36 61 44 37 18 79 40 93]
[0 0 0 0 0 0 0 100 0 0 0 0 0 0 1 0 0 0 1 0]
[9 6 18 47 91 70 64 96 42 69 49 11 57 47 88 14 10 39 16 36]
[90 84 69 62 19 52 59 44 97 84 14 44 89 27 62 88 84 20 25 67]
[0 0 0 0 0 0 0 0 0 100 100 0 0 100 0 0 0 0 0 0]
[19 11 25 40 87 3 36 41 59 55 32 93 83 59 82 19 20 69 15 89]
[63 18 24 85 43 42 22 35 1 30 77 47 59 15 26 74 56 62 33 19]
[0 0 1 0 0 0 0 0 0 0 100 0 0 0 0 0 1 0 0 0]
[43 65 50 21 64 1 48 63 38 65 30 65 19 8 2 32 73 7 12 70]
[96 9 12 68 54 75 28 37 0 33 7 36 93 100 16 68 71 94 6 50]
[0 0 1 0 0 0 0 0 1 0 0 0 0 0 0 0 0 1 0 0]
[51 44 90 2 2 24 36 85 9 88 84 18 37 57 93 77 60 47 81 7]
[40 87 62 89 57 26 34 90 6 28 85 56 80 33 14 2 77 97 72 29]
[0 0 0 1 1 0 0 0 1 0 0 0 0 0 0 0 0 0 0 0]
[43 1 61 55 40 10 54 62 96 45 47 54 24 53 33 34 52 52 60 27]
[54 38 54 30 30 12 20 74 40 93 30 90 78 78 15 88 39 25 12 73]
[0 0 0 0 0 0 0 0 0 0 0 100 0 0 100 0 0 0 0 100]
[15 20 86 46 50 84 63 61 24 88 89 52 35 96 23 98 40 39 82 55]
[0 32 81 93 34 12 65 44 3 68 69 30 78 59 56 20 72 41 8 70]
[0 0 0 0 1 1 0 0 0 0 0 1 0 0 0 0 0 0 0 0]
[24 5 68 91 74 97 97 45 41 32 73 98 48 8 59 3 83 45 47 99]
[24 14 100 1 46 76 84 24 47 10 27 49 72 24 36 33 31 29 91 94]
[0 0 0 0 0 0 100 0 0 100 0 0 0 0 0 0 0 0 0 100]
[63 45 23 10 66 40 87 28 70 72 46 67 46 9 68 43 53 78 31 84]
[28 53 21 95 46 21 97 95 91 61 7 82 67 46 96 43 60 81 18 41]
[0 0 0 0 0 0 100 0 0 0 0 0 0 0 100 100 0 0 0 0]
[30 97 97 94 75 18 94 86 48 41 78 23 93 7 77 89 9 0 88 78]
[46 60 80 3 69 93 13 24 67 56 61 58 62 91 97 26 31 2 9 64]
[0 0 0 0 100 0 0 0 0 0 0 0 0 100 0 0 0 1 0 0]
[92 60 35 7 57 6 8 83 24 69 97 14 48 64 57 24 11 48 90 70]
[86 36 98 72 90 44 33 27 70 51 35 66 84 35 85 96 90 32 96 83]
[0 0 0 0 1 0 0 1 0 0 0 0 0 100 0 0 0 0 0 0]
[33 80 55 83 29 1 83 56 24 81 48 13 95 88 2 69 61 4 89 53]
[1 34 44 19 11 30 20 85 83 50 58 31 41 92 84 96 17 68 37 94]
[0 0 0 100 0 0 0 100 0 0 0 100 0 0 0 0 0 0 0 0]
[75 65 31 88 6 85 57 89 4 72 65 34 82 89 6 30 15 80 73 79]
[99 55 12 89 49 7 32 34 69 79 44 33 78 81 96 98 36 49 36 6]
[0 0 0 0 100 0 0 0 0 0 0 0 0 0 100 100 0 0 0 0]
[2 82 83 31 16 37 86 62 66 94 15 88 41 17 53 81 30 2 68 59]
[92 94 80 56 98 90 83 26 49 91 10 96 43 81 21 15 7 53 13 43]
[0 0 0 0 0 0 0 0 100 0 0 1 0 0 0 0 1 0 0 0]
[39 93 99 61 79 1 25 93 80 0 50 64 54 98 50 88 78 75 4 88]
[27 20 63 48 3 63 8 57 55 5 76 54 22 71 0 5 65 22 92 38]
[0 0 0 0 0 0 0 0 0 100 0 0 0 100 0 0 0 0 100 0]
[2 87 36 20 29 24 17 40 65 81 72 91 61 27 13 58 23 8 49 98]
[57 22 95 62 39 58 17 27 40 89 78 69 78 40 61 55 14 72 35 0]
[0 100 0 0 0 0 1 0 0 0 0 0 0 0 0 0 0 1 0 0]
[21 100 1 64 88 39 39 8 70 92 35 80 42 17 49 18 21 97 11 30]
[30 12 99 29 88 67 68 36 81 23 94 58 83 17 17 81 67 0 42 5]
[0 0 0 0 0 0 0 100 0 0 0 1 0 0 0 0 0 0 0 100]
[88 12 63 63 63 90 96 53 97 6 41 100 42 96 9 1 33 52 25 29]
[46 83 8 20 83 65 35 24 46 8 93 61 78 65 98 99 78 65 45 69]
[0 1 0 0 0 0 0 0 100 1 0 0 0 0 0 0 0 0 0 0]
[30 44 94 29 29 61 53 49 47 32 49 99 43 81 58 92 16 67 90 22]
[34 2 49 73 7 80 85 81 25 94 99 1 59 33 1 100 54 50 60 15]
[0 0 0 0 0 100 0 100 0 0 0 0 0 0 0 0 100 0 0 0]
[12 0 78 42 78 81 19 0 29 20 7 58 71 6 52 80 87 15 59 4]
[54 0 22 82 94 32 99 9 35 27 92 15 17 42 54 62 73 69 94 74]
[0 0 0 0 100 0 0 0 0 100 0 0 0 0 0 0 0 0 100 0]
[98 74 17 21 10 11 0 53 43 8 0 56 43 46 24 81 13 64 22 10]
[33 31 73 86 16 56 97 6 72 68 76 40 58 36 2 70 2 22 83 13]
[0 0 0 0 0 0 0 100 0 0 0 0 0 0 0 0 100 0 0 100]
[89 59 32 2 45 40 95 71 80 88 50 35 67 50 8 32 95 7 42 38]
[41 77 38 31 75 17 11 67 28 53 98 19 77 27 86 80 67 10 55 6]
[0 0 0 100 0 1 0 0 0 0 100 0 0 0 0 0 0 0 0 0]
[24 71 38 33 86 54 85 8 97 95 46 41 75 85 16 97 20 45 83 29]
[58 79 30 18 90 20 6 13 33 12 91 11 39 19 96 27 49 6 2 18]
[1 0 0 0 0 0 100 0 0 100 0 0 0 0 0 0 0 0 0 0]
[77 11 69 8 97 77 54 86 94 77 51 69 95 56 45 4 34 21 38 14]
[3 68 5 85 73 72 82 36 25 37 76 100 73 34 60 15 95 53 39 71]
[0 0 0 0 1 0 0 0 0 0 0 0 0 0 1 0 0 0 1 0]
[43 86 38 89 51 21 97 44 70 89 98 22 70 26 47 79 99 79 12 63]
[60 54 89 54 5 74 28 25 42 59 23 25 10 52 44 16 73 71 82 14]
[0 100 0 100 0 0 0 0 0 0 0 0 0 100 0 0 0 0 0 0]
[36 80 26 10 48 16 99 81 44 21 86 66 35 56 71 6 2 72 46 51]
[64 45 90 68 43 50 21 64 21 43 30 43 10 77 96 13 27 59 15 60]
[0 0 0 0 0 0 0 0 0 0 1 0 0 0 0 1 0 0 1 0]
[14 4 76 13 43 49 77 88 10 36 74 8 51 4 42 38 24 67 6 99]
[94 66 5 89 15 37 55 34 100 96 67 83 53 20 45 79 0 86 75 22]
[0 0 1 0 0 100 0 0 0 0 0 0 0 0 1 0 0 0 0 0]
[68 35 14 98 13 32 43 98 45 67 90 42 88 16 61 55 64 14 4 78]
[74 70 68 76 16 16 51 33 10 75 62 4 8 81 19 96 69 18 9 20]
[0 0 0 100 0 0 0 0 0 0 0 0 100 100 0 0 0 0 0 0]
[37 36 70 35 53 25 95 59 44 18 69 80 2 6 7 36 30 62 32 98]
[100 25 58 51 58 12 35 100 3 88 63 42 76 37 73 49 86 70 70 12]
[0 0 0 0 0 0 1 0 0 1 0 0 1 0 0 0 0 0 0 0]
[31 32 5 92 29 14 46 18 60 90 4 97 3 0 66 53 46 97 37 93]
[90 12 39 88 71 72 17 57 90 77 7 65 79 85 88 90 15 32 46 20]
[0 0 1 0 0 0 0 0 0 0 0 0 0 1 0 0 100 0 0 0]
[40 51 47 76 48 71 71 15 96 85 89 48 34 29 44 88 31 40 12 47]
[30 57 1 79 36 34 87 86 21 28 63 51 25 73 67 29 21 60 3 95]
[0 0 0 0 0 0 0 0 100 0 0 0 0 0 100 100 0 0 0 0]
[18 53 44 60 50 3 98 12 67 10 99 62 96 52 89 73 50 99 70 88]
[99 28 18 85 81 47 19 86 23 70 87 37 55 98 6 71 91 12 13 1]
[0 0 0 0 0 0 0 0 0 1 100 0 0 0 0 100 0 0 0 0]
[86 76 90 59 31 23 63 73 70 96 83 44 49 97 34 45 58 48 21 97]
[54 40 14 62 96 83 59 60 58 36 97 82 48 2 22 35 32 67 42 97]
[0 0 100 0 0 0 0 0 0 0 0 100 0 100 0 0 0 0 0 0]
[71 76 3 98 48 18 6 6 33 6 4 14 61 64 34 32 72 32 57 31]
[22 71 79 99 95 31 70 29 92 65 37 68 56 16 3 62 40 26 50 65]
[0 0 0 0 0 0 0 1 0 0 0 0 100 0 0 1 0 0 0 0]
[78 68 13 62 35 34 93 47 10 49 88 77 70 37 52 75 89 98 61 4]
[69 10 50 10 65 1 17 69 77 4 94 89 83 51 57 84 98 9 91 18]
[0 0 0 0 0 1 0 0 0 0 0 0 0 0 0 0 100 100 0 0]
[32 5 90 39 89 84 9 43 38 11 38 90 69 96 78 2 59 87 85 61]
[54 7 45 1 9 79 68 95 32 53 10 88 37 94 91 50 63 68 32 35]
[0 0 1 0 1 0 0 0 0 0 0 0 0 0 0 0 0 0 0 1]
[94 0 74 59 14 55 83 30 42 51 5 69 49 68 88 96 71 99 74 9]
[39 4 77 12 63 94 1 49 83 59 50 75 68 20 78 59 57 63 57 90]
[1 0 0 100 0 0 0 0 0 0 0 0 0 0 0 1 0 0 0 0]
[0 74 6 63 66 20 18 69 93 68 76 36 21 95 67 44 25 51 73 75]
[86 13 76 69 7 23 56 97 45 95 98 14 77 52 80 18 38 18 83 64]
[0 100 0 0 100 0 0 0 0 0 0 0 0 0 0 100 0 0 0 0]
[61 56 52 41 0 37 15 2 74 2 54 45 43 12 3 59 24 45 61 93]
[14 41 75 2 78 76 14 95 28 18 44 81 100 59 78 39 83 33 11 27]
[0 0 0 0 0 0 0 1 0 0 0 100 1 0 0 0 0 0 0 0]
[75 3 37 72 9 80 27 90 88 53 65 15 25 64 13 10 78 91 20 38]
[89 56 29 52 30 23 77 52 25 97 100 77 85 100 11 89 51 88 44 44]
[0 0 0 100 0 0 0 0 0 0 1 0 0 0 0 0 0 1 0 0]
[61 63 24 40 100 0 49 96 4 73 81 66 97 35 44 50 46 40 7 81]
[11 7 8 42 81 44 50 80 73 8 79 33 80 63 64 88 45 58 56 75]
[100 0 0 0 0 0 0 0 1 0 0 0 0 0 0 0 0 0 0 100]
[61 14 75 65 29 25 36 87 4 6 78 29 19 13 57 68 87 88 63 5]
[72 82 15 22 76 24 74 9 63 47 74 80 59 22 14 63 79 5 56 98]
[0 0 0 1 0 0 0 0 0 0 0 0 0 100 0 100 0 0 0 0]
[56 29 43 9 54 58 27 24 66 52 37 11 32 31 31 68 4 84 60 71]
[36 22 28 55 26 0 19 98 43 22 48 71 28 23 69 81 86 97 17 98]
[0 0 0 0 0 0 0 100 1 0 0 0 0 0 0 0 1 0 0 0]
[73 46 84 53 12 94 33 5 77 30 91 51 30 75 17 57 49 12 72 57]
[36 63 55 96 96 10 79 29 19 46 82 99 26 96 84 28 28 98 32 20]
[0 0 0 0 0 0 100 0 100 0 0 0 0 0 0 0 100 0 0 0]
[13 37 77 14 1 74 22 35 87 6 98 35 18 87 28 74 87 77 70 50]
[19 92 83 91 54 77 52 97 38 96 18 38 96 85 68 50 91 26 37 48]
[1 0 100 0 0 0 0 0 0 0 0 0 0 0 0 0 1 0 0 0]
[56 91 88 31 50 60 97 70 54 61 68 91 48 68 50 59 54 30 32 20]
[19 46 93 98 55 42 58 9 34 60 8 92 36 13 4 17 92 97 61 43]
[0 0 0 0 0 0 0 0 100 1 0 0 0 0 0 0 0 100 0 0]
[35 96 16 31 36 61 69 30 47 100 10 48 3 91 32 10 48 28 1 41]
[16 2 58 59 58 40 88 85 63 92 84 5 80 17 88 38 94 51 75 41]
[1 0 0 0 0 0 100 0 0 0 0 0 0 0 0 0 0 100 0 0]
[55 83 6 21 21 25 9 28 20 75 51 99 36 29 49 5 21 19 84 81]
[62 32 68 11 24 37 48 66 61 0 32 82 63 14 0 34 9 67 18 99]
[0 0 0 0 1 0 1 1 0 0 0 0 0 0 0 0 0 0 0 0]
[37 39 26 34 78 30 44 97 5 92 70 2 90 24 100 82 75 53 50 10]
[1 99 24 54 29 61 0 71 52 47 17 4 90 99 58 63 20 38 68 8]
[100 0 0 0 0 100 0 0 0 0 0 1 0 0 0 0 0 0 0 0]
[17 20 44 87 7 48 14 37 68 77 78 80 86 34 4 79 36 64 83 82]
[25 33 14 47 35 29 71 64 17 51 73 2 68 62 80 66 90 11 83 22]
[0 0 1 100 0 0 0 0 0 0 0 0 100 0 0 0 0 0 0 0]
[45 48 22 67 89 38 50 32 95 81 71 6 5 33 84 44 3 22 98 22]
[42 41 56 62 81 52 87 55 17 43 64 0 35 64 25 7 64 2 75 75]
[0 0 0 1 0 100 0 1 0 0 0 0 0 0 0 0 0 0 0 0]
[49 88 3 9 58 69 22 26 64 64 26 59 47 15 1 20 27 4 29 33]
[12 86 19 35 8 2 88 85 91 34 27 83 33 93 97 61 64 70 90 11]
[0 0 1 0 0 0 0 0 0 0 0 1 1 0 0 0 0 0 0 0]
[31 54 98 67 29 80 20 80 68 86 38 76 95 57 49 81 77 7 4 14]
[49 83 14 50 31 7 12 97 5 6 42 37 42 15 50 9 66 51 0 64]
[0 0 0 0 0 0 0 0 1 0 0 0 0 0 0 0 1 0 1 0]
[74 20 46 24 35 69 47 39 95 65 99 8 31 89 89 10 60 28 21 19]
[54 61 71 1 57 53 45 95 90 27 25 27 93 0 55 93 23 93 3 11]
[1 0 0 0 0 0 0 0 1 0 0 0 1 0 0 0 0 0 0 0]
[78 35 56 75 68 84 58 20 54 6 5 75 57 65 29 57 17 63 51 26]
[30 92 67 91 59 5 35 67 63 8 13 20 97 43 65 33 80 64 56 54]
[0 0 0 0 1 0 0 0 1 1 0 0 0 0 0 0 0 0 0 0]
[15 99 19 96 61 26 94 24 26 40 31 7 87 68 25 19 99 46 60 38]
[16 48 68 36 70 54 78 34 61 81 93 95 99 20 19 48 3 66 74 36]
[1 0 0 0 1 0 0 0 0 0 0 0 0 0 0 0 0 0 1 0]
[20 96 42 4 49 91 14 63 85 1 37 84 80 69 23 15 67 67 7 51]
[53 7 68 35 30 3 74 52 50 10 19 95 11 6 8 98 59 38 54 78]
[1 1 0 0 0 0 0 1 0 0 0 0 0 0 0 0 0 0 0 0]
[85 81 96 49 96 22 44 43 0 39 76 18 1 94 61 23 12 94 11 52]
[8 87 2 53 29 67 83 50 56 5 0 95 75 12 88 38 7 93 44 10]
[100 0 0 0 0 0 0 0 0 100 100 0 0 0 0 0 0 0 0 0]
[3 25 24 14 17 3 75 89 79 55 26 43 66 8 62 53 66 0 50 78]
[54 70 94 64 23 30 48 50 47 13 96 72 40 38 99 84 20 31 90 61]
[1 0 0 0 0 0 0 0 0 0 0 0 0 1 1 0 0 0 0 0]
[87 1 56 33 86 99 44 70 83 51 50 50 100 16 7 37 32 93 48 58]
[91 2 22 90 20 72 64 67 7 46 59 45 25 29 89 24 70 46 15 99]
[0 0 0 0 0 0 0 0 0 1 0 0 0 0 0 0 100 100 0 0]
[76 41 94 86 48 49 72 22 18 97 88 26 9 22 86 23 25 56 16 55]
[86 33 0 36 9 59 26 57 94 12 85 67 15 38 35 76 89 17 52 93]
[0 0 0 0 0 0 0 1 0 0 1 0 100 0 0 0 0 0 0 0]
[95 36 57 63 52 29 9 63 59 79 76 50 37 13 64 77 83 30 62 18]
[22 92 93 93 24 77 96 47 58 38 14 33 24 21 43 62 52 73 82 52]
[0 0 0 0 100 0 0 0 0 100 0 0 0 100 0 0 0 0 0 0]
[45 71 14 68 34 83 89 74 29 67 8 14 44 90 17 85 84 27 33 50]
[2 33 54 65 59 17 65 50 21 98 97 68 83 65 29 46 100 73 91 26]
[0 0 0 0 0 0 0 0 0 0 0 0 0 1 100 1 0 0 0 0]
[77 90 6 41 16 75 32 84 73 41 51 95 78 96 37 2 52 83 13 62]
[90 83 52 64 0 11 59 1 51 64 58 41 87 36 24 75 23 32 19 42]
[0 0 0 0 0 0 0 100 0 0 0 0 0 0 0 0 0 1 1 0]
[63 65 79 3 36 26 87 28 17 100 32 89 62 32 34 7 73 5 74 77]
[21 14 77 21 9 17 24 8 35 69 40 26 61 5 88 59 87 42 75 1]
[0 1 0 0 0 0 0 0 0 0 0 1 0 1 0 0 0 0 0 0]
[46 26 14 33 89 96 51 48 80 73 49 94 22 85 64 5 82 56 14 36]
[4 45 28 100 37 76 54 78 42 1 95 48 20 48 70 70 29 39 48 21]
[0 1 0 0 0 0 0 1 0 0 0 0 0 0 1 0 0 0 0 0]
[26 63 8 17 1 18 41 98 91 84 42 97 46 8 57 38 43 99 26 99]
[73 66 28 22 11 29 18 31 38 34 81 77 65 90 5 67 90 74 17 41]
[0 0 0 0 0 0 0 100 0 0 0 0 100 0 0 0 0 100 0 0]
[19 16 84 65 5 85 87 70 93 61 98 44 54 87 58 5 8 20 25 16]
[8 78 93 23 63 57 70 13 52 100 90 78 92 78 58 42 6 82 36 25]
[0 100 0 0 0 0 0 0 0 1 0 0 0 100 0 0 0 0 0 0]
[96 88 63 91 81 87 39 87 57 94 52 11 98 3 93 68 63 10 50 71]
[32 2 37 66 4 7 98 65 71 5 93 59 47 43 9 53 1 60 61 67]
[0 0 0 0 0 1 0 0 0 0 100 1 0 0 0 0 0 0 0 0]
[27 70 35 29 54 98 33 3 86 34 94 14 39 16 91 45 7 42 95 49]
[5 68 80 67 33 2 75 52 92 93 21 16 71 18 78 98 3 61 47 75]
[0 0 100 0 100 0 0 0 0 0 0 0 0 0 0 0 0 0 0 100]
[99 36 12 58 61 72 3 1 14 91 43 66 14 57 75 69 4 19 30 85]
[43 41 1 66 91 59 48 57 25 12 5 29 54 2 5 23 1 45 16 74]
[0 1 0 0 0 0 0 0 0 0 0 1 0 0 0 0 0 0 1 0]
[27 46 33 7 88 42 100 2 65 77 69 61 68 91 13 61 100 15 85 35]
[35 36 64 64 19 34 68 99 96 68 70 45 4 99 59 4 25 45 98 79]
[0 0 0 0 0 0 0 1 0 0 0 0 0 0 0 0 0 1 1 0]
[77 42 89 87 83 10 28 11 8 59 2 78 77 20 1 59 2 2 97 7]
[61 53 91 50 0 30 80 69 83 86 30 37 17 23 33 78 21 96 36 20]
[0 1 0 100 0 0 0 0 0 0 0 0 0 0 100 0 0 0 0 0]
[28 84 30 26 21 81 80 58 91 100 16 39 29 55 28 64 96 60 47 37]
[81 75 21 39 74 61 34 50 51 47 43 5 86 4 36 82 66 33 12 4]
[0 100 0 0 0 100 0 0 0 100 0 0 0 0 0 0 0 0 0 0]
[92 39 18 47 56 40 82 19 29 28 99 32 59 33 81 51 66 7 84 92]
[80 15 67 51 17 82 54 3 59 42 96 12 45 10 57 7 81 43 88 98]
[0 100 0 0 0 0 0 0 0 0 0 0 0 0 0 1 0 0 0 1]
[19 19 31 5 29 65 94 45 60 80 87 61 31 19 100 84 81 57 51 8]
[92 30 13 84 49 22 100 29 73 82 13 96 0 49 92 36 29 66 99 37]
[0 0 0 0 0 100 0 1 0 0 0 1 0 0 0 0 0 0 0 0]
[63 18 6 73 33 53 56 22 64 100 85 35 55 56 5 23 46 25 40 19]
[83 94 4 55 5 34 21 82 75 92 39 50 69 71 61 0 78 25 33 6]
[0 100 0 0 0 0 1 0 0 0 0 0 1 0 0 0 0 0 0 0]
[77 61 41 81 88 4 47 2 44 2 27 49 98 2 93 72 15 56 20 92]
[95 58 4 18 21 80 78 27 21 58 53 47 3 18 54 52 13 96 3 9]
[0 0 0 0 100 0 0 0 0 100 0 0 0 0 1 0 0 0 0 0]
[85 96 68 33 12 46 58 35 63 96 53 58 56 0 22 57 96 19 4 58]
[51 60 58 88 6 26 62 8 51 72 14 40 77 74 79 75 26 100 88 33]
[0 0 0 100 0 0 100 0 0 0 0 0 0 0 0 0 0 100 0 0]
[87 12 62 36 37 73 11 28 68 59 25 2 95 59 45 25 89 94 20 93]
[64 29 9 16 62 51 81 56 98 51 80 11 35 19 96 80 3 28 65 49]
[0 0 0 0 0 0 0 100 0 0 0 0 100 0 0 100 0 0 0 0]
[78 33 22 10 19 24 71 71 10 75 45 51 10 72 96 62 26 99 38 12]
[98 79 12 13 63 28 55 11 89 45 12 12 7 91 49 49 6 85 37 6]
[0 0 0 0 1 0 0 0 0 0 0 0 0 0 0 1 0 100 0 0]
[58 76 0 99 62 21 74 87 0 53 81 26 20 14 92 53 44 90 27 73]
[84 5 23 24 37 87 49 16 28 21 10 88 74 1 80 19 72 90 11 34]
[0 0 1 0 0 0 0 0 0 0 1 0 0 0 0 0 0 100 0 0]
[91 48 97 31 24 1 40 77 38 19 67 82 77 7 47 12 81 5 3 16]
[67 89 79 51 10 77 43 24 4 80 8 36 50 84 85 36 95 95 74 71]
[0 1 0 0 0 0 0 1 0 0 0 0 0 1 0 0 0 0 0 0]
[58 29 4 48 13 8 62 0 24 43 1 97 52 81 36 71 33 89 94 73]
[47 28 99 30 47 73 38 59 9 24 14 41 10 8 14 50 36 3 82 53]
[0 0 0 0 100 0 0 0 0 0 0 0 0 0 0 0 0 100 100 0]
[56 65 79 68 95 88 61 41 0 10 64 73 27 77 31 40 85 49 25 80]
[59 36 2 56 11 90 89 3 41 15 27 79 50 94 81 11 4 98 30 21]
[0 0 0 0 100 0 0 0 0 0 0 0 0 0 100 1 0 0 0 0]
[74 35 91 70 65 26 1 7 60 70 2 5 24 64 34 50 20 9 0 29]
[94 5 62 13 99 18 21 98 75 71 20 47 95 23 82 94 6 15 8 12]
[0 0 0 0 0 100 0 0 0 0 0 0 100 0 0 100 0 0 0 0]
[64 37 33 38 18 27 88 78 28 34 86 22 60 88 65 75 42 97 67 85]
[35 31 14 25 50 21 72 79 19 92 11 81 36 0 1 16 47 65 9 29]
[0 0 1 0 0 0 1 0 0 0 0 0 100 0 0 0 0 0 0 0]
[26 99 39 1 0 39 39 66 85 27 59 61 60 73 27 93 56 28 35 28]
[54 60 12 14 44 88 38 51 41 20 83 32 42 63 71 70 71 19 7 29]
[0 100 0 0 1 0 0 0 0 0 100 0 0 0 0 0 0 0 0 0]
[46 87 77 22 9 71 89 44 85 55 65 8 47 62 9 39 89 21 62 6]
[76 32 96 95 12 32 29 78 28 5 72 93 10 2 54 90 41 89 47 88]
[0 0 1 0 0 1 0 0 0 0 0 0 0 0 0 0 0 0 0 100]
[66 31 35 61 38 23 45 42 37 77 11 60 74 89 98 53 42 68 52 55]
[59 31 42 12 70 55 67 72 75 88 47 68 9 99 62 29 98 74 97 86]
[0 0 100 0 0 0 0 1 0 0 0 0 0 0 0 0 1 0 0 0]
[45 43 38 11 10 38 76 37 11 29 97 50 38 51 46 57 22 46 67 77]
[54 49 22 49 19 99 97 42 47 22 14 52 17 94 81 12 73 60 86 62]
[0 0 0 0 0 100 0 0 1 0 0 1 0 0 0 0 0 0 0 0]
[31 11 79 21 11 71 62 96 14 50 48 88 72 99 16 28 28 63 94 79]
[6 26 81 79 49 61 69 32 56 83 86 93 45 33 70 8 9 73 90 51]
[0 0 0 0 0 0 0 1 0 1 0 0 0 0 0 0 0 0 100 0]
[18 99 65 35 49 79 85 72 66 73 17 19 100 86 100 50 14 94 26 20]
[27 42 63 57 59 24 84 71 53 63 92 46 22 84 87 21 10 69 98 81]
[0 0 0 100 0 0 0 0 0 0 0 0 0 0 0 0 0 0 1 1]
[56 64 60 68 36 64 1 91 52 16 52 17 43 2 92 70 43 60 38 80]
[69 20 92 87 58 26 21 50 73 0 28 63 63 88 6 42 90 30 99 5]
[0 1 0 0 0 0 0 0 0 1 0 100 0 0 0 0 0 0 0 0]
[64 32 92 38 11 79 69 68 4 78 83 96 14 42 87 33 55 28 84 43]
[17 55 59 5 61 81 27 10 40 98 89 19 69 22 6 37 85 86 16 42]
[0 0 0 0 0 0 100 100 0 0 0 0 0 0 0 0 0 0 100 0]
[12 96 20 96 37 74 96 30 72 87 57 83 23 71 74 8 20 70 26 61]
[52 89 48 71 8 40 80 66 37 63 57 81 97 38 18 95 14 38 35 2]
[0 0 0 0 0 1 0 100 0 100 0 0 0 0 0 0 0 0 0 0]
[19 92 0 92 79 83 63 16 88 71 31 56 67 28 22 72 1 13 75 52]
[21 33 94 70 44 13 29 35 42 97 68 39 36 51 96 80 51 8 32 70]
[0 0 0 0 0 0 0 1 0 0 0 0 100 0 0 0 0 0 1 0]
[76 84 99 42 2 65 53 49 87 49 84 52 58 75 28 69 43 53 65 18]
[64 7 35 72 40 24 99 85 63 66 18 9 63 55 39 69 63 11 51 24]
[0 0 0 1 100 0 0 0 1 0 0 0 0 0 0 0 0 0 0 0]
[81 78 87 85 32 48 69 91 63 66 88 33 52 77 68 15 44 51 31 56]
[54 54 27 52 47 21 11 4 48 72 12 79 99 12 46 8 80 48 36 60]
[1 0 0 0 0 0 1 0 0 0 0 0 0 1 0 0 0 0 0 0]
[93 99 21 96 42 91 71 7 58 3 15 90 70 89 3 17 17 100 44 97]
[67 52 62 45 60 18 78 25 18 91 52 94 6 93 27 11 8 62 25 90]
[100 0 0 0 0 0 100 0 0 0 0 0 0 0 0 0 1 0 0 0]
[15 32 11 1 0 89 20 98 10 21 58 90 51 91 41 28 77 28 17 77]
[23 30 70 39 28 64 27 55 70 61 50 95 97 31 52 11 100 19 51 68]
[100 0 0 0 0 100 0 0 0 0 0 0 0 0 0 0 0 0 0 1]
[32 100 98 24 55 24 54 15 8 63 20 18 93 100 72 58 64 29 79 47]
[51 41 9 98 30 26 43 36 64 82 46 49 4 93 53 23 28 56 34 10]
[0 0 0 0 100 0 1 0 0 0 0 0 0 0 0 100 0 0 0 0]
